Using dataset cox2
467 graphs
search strategy: greedy
Rank Method: counts
seeds come from 404 distinct graphs
seeds come from 404 distinct graphs
seeds come from 404 distinct graphs
seeds come from 404 distinct graphs
seeds come from 404 distinct graphs
seeds come from 404 distinct graphs
seeds come from 404 distinct graphs
seeds come from 404 distinct graphs
seeds come from 404 distinct graphs
seeds come from 404 distinct graphs
seeds come from 404 distinct graphs
seeds come from 404 distinct graphs
seeds come from 404 distinct graphs
seeds come from 404 distinct graphs
seeds come from 404 distinct graphs
seeds come from 404 distinct graphs
seeds come from 404 distinct graphs
seeds come from 404 distinct graphs
seeds come from 404 distinct graphs
seeds come from 404 distinct graphs
Saving analysis info in results/analyze.p
Saving analysis plot in results/analyze.png
1689.3842206001282 TOTAL TIME
28 mins 9 secs
Saving plots/cluster/5-0.png
Graph idx: 
{3, 6, 7, 15, 21, 25, 27, 28, 29, 30, 33, 36, 41, 42, 44, 50, 53, 56, 60, 61, 63, 64, 65, 66, 67, 71, 75, 76, 77, 78, 80, 81, 82, 87, 92, 97, 101, 102, 112, 113, 115, 118, 119, 122, 124, 125, 126, 131, 135, 137, 138, 140, 141, 142, 143, 144, 146, 147, 150, 154, 155, 156, 160, 161, 165, 166, 167, 168, 170, 171, 173, 174, 178, 182, 183, 187, 192, 193, 197, 201, 202, 204, 205, 211, 214, 215, 217, 219, 221, 222, 223, 224, 225, 227, 228, 231, 232, 233, 239, 243, 244, 245, 247, 248, 250, 253, 254, 256, 260, 261, 264, 266, 268, 273, 276, 277, 280, 284, 285, 287, 289, 290, 297, 298, 300, 301, 303, 304, 305, 306, 311, 312, 315, 316, 317, 318, 319, 323, 324, 327, 328, 329, 330, 331, 333, 334, 336, 337, 345, 347, 350, 351, 353, 355, 357, 359, 361, 363, 365, 367, 368, 369, 372, 375, 376, 378, 383, 385, 386, 387, 388, 392, 396, 397, 398, 404, 410, 415, 423, 429, 434, 436, 437, 443, 455, 458, 462, 464}
Saving plots/cluster/5-1.png
Graph idx: 
{1, 6, 9, 10, 15, 17, 18, 19, 20, 21, 22, 23, 25, 26, 27, 28, 30, 33, 36, 41, 42, 46, 47, 50, 52, 54, 57, 58, 59, 60, 63, 67, 68, 69, 70, 73, 77, 78, 79, 80, 82, 84, 86, 87, 88, 92, 95, 96, 97, 102, 106, 107, 108, 109, 114, 117, 121, 123, 124, 125, 127, 129, 131, 133, 134, 135, 137, 140, 145, 149, 151, 152, 153, 154, 156, 157, 160, 162, 165, 170, 174, 175, 177, 178, 182, 183, 184, 185, 188, 189, 191, 192, 196, 198, 200, 203, 204, 205, 206, 208, 209, 214, 225, 230, 235, 236, 239, 240, 243, 244, 247, 251, 253, 255, 256, 257, 264, 266, 268, 271, 277, 281, 282, 286, 287, 291, 292, 294, 299, 311, 312, 313, 324, 326, 327, 330, 331, 333, 334, 342, 343, 346, 348, 354, 356, 359, 364, 366, 370, 374, 381, 383, 387, 391, 395, 397, 401, 404, 405, 408, 412, 415, 426, 428, 429, 432, 433, 434, 437, 439, 440, 441, 443, 446, 447, 448, 449, 454, 455, 456, 462, 463, 464, 465, 466}
Saving plots/cluster/5-2.png
Graph idx: 
{1, 4, 5, 6, 11, 12, 14, 16, 19, 25, 26, 28, 29, 30, 32, 33, 36, 37, 39, 40, 41, 43, 47, 49, 50, 51, 52, 54, 55, 57, 58, 59, 61, 62, 64, 70, 74, 78, 81, 82, 85, 87, 90, 92, 96, 98, 102, 103, 107, 109, 110, 121, 124, 125, 127, 129, 130, 133, 135, 137, 138, 140, 142, 144, 147, 149, 154, 155, 157, 159, 160, 161, 163, 168, 175, 178, 180, 182, 184, 185, 186, 189, 190, 191, 193, 195, 196, 197, 198, 199, 200, 203, 204, 206, 208, 216, 221, 222, 225, 226, 227, 231, 237, 238, 239, 240, 242, 244, 245, 248, 254, 255, 256, 257, 258, 263, 264, 269, 273, 279, 287, 294, 295, 297, 302, 310, 314, 315, 317, 319, 321, 323, 324, 325, 331, 335, 340, 343, 344, 349, 359, 360, 363, 364, 367, 369, 373, 376, 382, 384, 385, 386, 390, 395, 401, 402, 403, 405, 406, 409, 413, 415, 416, 418, 419, 420, 422, 427, 428, 429, 431, 434, 436, 437, 447, 450, 451, 454, 455, 458, 464}
Saving plots/cluster/5-3.png
Graph idx: 
{0, 5, 6, 7, 9, 11, 16, 21, 28, 42, 43, 45, 66, 73, 74, 87, 90, 92, 94, 98, 105, 109, 110, 113, 114, 116, 122, 124, 133, 134, 146, 153, 159, 173, 177, 183, 187, 189, 200, 201, 202, 203, 206, 209, 213, 214, 221, 230, 240, 243, 258, 260, 262, 286, 287, 292, 297, 299, 304, 306, 318, 334, 338, 342, 353, 376, 377, 383, 386, 387, 388, 395, 398, 401, 405, 409, 415, 418, 419, 420, 421, 424, 426, 436, 437, 440, 444, 447, 450, 462}
Saving plots/cluster/5-4.png
Graph idx: 
{0, 386, 388, 389, 390, 391, 262, 266, 12, 268, 15, 273, 402, 403, 21, 277, 407, 408, 282, 412, 29, 30, 288, 417, 419, 164, 424, 43, 300, 429, 430, 432, 305, 304, 179, 437, 309, 439, 438, 310, 314, 443, 188, 444, 447, 193, 323, 453, 200, 201, 331, 203, 461, 464, 465, 341, 220, 92, 350, 224, 121, 111, 369, 114, 371, 246, 377, 378, 251}
Saving plots/cluster/5-5.png
Graph idx: 
{385, 387, 4, 266, 10, 269, 273, 406, 278, 153, 288, 36, 39, 169, 42, 425, 175, 49, 52, 55, 58, 59, 444, 187, 60, 322, 66, 453, 72, 73, 76, 78, 463, 336, 82, 84, 213, 86, 89, 95, 353, 358, 106, 107, 108, 237, 367, 369, 374, 376, 378, 381, 382}
Saving plots/cluster/5-6.png
Graph idx: 
{416, 321, 417, 39, 456, 457, 367, 16, 210, 243, 344, 217, 442, 445, 62}
Saving plots/cluster/5-7.png
Graph idx: 
{355, 391, 200, 396, 279, 253}
Saving plots/cluster/5-8.png
Graph idx: 
{392, 377}
Saving plots/cluster/6-0.png
Graph idx: 
{6, 9, 10, 15, 17, 18, 19, 20, 21, 22, 23, 25, 26, 27, 28, 30, 33, 36, 41, 42, 46, 47, 50, 52, 54, 57, 58, 59, 60, 63, 67, 68, 69, 70, 73, 77, 78, 79, 80, 82, 86, 87, 92, 95, 96, 97, 102, 106, 107, 108, 109, 114, 117, 121, 123, 125, 127, 129, 131, 134, 135, 140, 145, 149, 151, 152, 153, 154, 156, 157, 160, 162, 165, 170, 174, 175, 177, 178, 182, 183, 184, 185, 188, 189, 191, 192, 196, 200, 203, 204, 205, 208, 209, 225, 230, 235, 236, 239, 240, 243, 244, 247, 251, 253, 255, 256, 257, 264, 266, 268, 271, 277, 281, 282, 286, 287, 291, 292, 294, 299, 311, 312, 313, 324, 326, 330, 331, 333, 334, 342, 343, 346, 348, 354, 356, 359, 366, 370, 374, 383, 387, 391, 395, 397, 401, 404, 405, 408, 412, 426, 428, 429, 433, 434, 437, 439, 441, 446, 447, 448, 449, 454, 455, 456, 462, 464, 465, 466}
Saving plots/cluster/6-1.png
Graph idx: 
{3, 6, 7, 25, 27, 29, 30, 42, 44, 53, 66, 71, 77, 81, 87, 112, 113, 118, 119, 124, 126, 131, 135, 137, 138, 141, 142, 143, 144, 146, 147, 154, 156, 160, 161, 165, 166, 167, 170, 171, 173, 174, 182, 183, 192, 197, 202, 204, 219, 222, 223, 224, 225, 227, 228, 233, 239, 243, 244, 245, 247, 248, 250, 254, 256, 260, 261, 266, 268, 276, 277, 285, 289, 297, 298, 300, 301, 303, 304, 306, 311, 312, 315, 317, 319, 323, 324, 329, 330, 331, 333, 334, 336, 337, 345, 347, 350, 353, 355, 361, 363, 365, 367, 368, 369, 372, 376, 387, 396, 398, 404, 410, 415, 423, 443, 455, 458, 462, 464}
Saving plots/cluster/6-2.png
Graph idx: 
{0, 5, 6, 9, 11, 16, 21, 29, 42, 43, 50, 61, 64, 65, 66, 67, 73, 80, 87, 92, 94, 98, 101, 102, 105, 109, 110, 113, 114, 116, 122, 124, 125, 133, 146, 150, 153, 155, 159, 173, 177, 183, 187, 189, 200, 201, 203, 209, 213, 214, 215, 217, 221, 230, 231, 232, 240, 243, 253, 258, 260, 273, 280, 286, 287, 292, 297, 299, 304, 306, 318, 334, 338, 345, 353, 359, 376, 377, 383, 386, 388, 395, 397, 398, 401, 405, 409, 415, 419, 420, 421, 426, 434, 436, 437, 440, 444, 447, 450, 455}
Saving plots/cluster/6-3.png
Graph idx: 
{15, 28, 33, 36, 37, 39, 41, 42, 49, 50, 55, 56, 57, 58, 60, 63, 65, 70, 78, 82, 85, 87, 92, 96, 97, 98, 102, 103, 115, 124, 130, 135, 140, 150, 156, 161, 163, 166, 168, 178, 180, 182, 200, 206, 222, 225, 237, 240, 242, 245, 248, 253, 254, 255, 257, 258, 263, 264, 269, 273, 279, 284, 287, 290, 295, 297, 301, 302, 305, 311, 316, 319, 323, 324, 325, 327, 331, 334, 335, 340, 349, 351, 355, 359, 364, 365, 373, 376, 378, 386, 392, 395, 397, 413, 420, 429, 431, 437, 451, 455, 458, 464}
Saving plots/cluster/6-4.png
Graph idx: 
{256, 385, 387, 390, 7, 264, 262, 11, 19, 21, 25, 28, 29, 415, 416, 33, 160, 418, 420, 422, 40, 424, 428, 429, 45, 302, 434, 436, 182, 314, 315, 59, 61, 190, 191, 189, 450, 195, 454, 455, 202, 462, 206, 208, 209, 81, 342, 87, 90, 92, 225, 226, 360, 363, 238, 367, 239, 369, 244, 373, 245, 121, 124, 382, 383}
Saving plots/cluster/6-5.png
Graph idx: 
{0, 386, 388, 389, 390, 262, 266, 268, 15, 402, 403, 21, 277, 407, 408, 282, 412, 29, 30, 288, 417, 419, 164, 424, 43, 300, 429, 430, 432, 304, 179, 437, 438, 439, 310, 314, 443, 188, 444, 447, 193, 323, 453, 200, 201, 331, 203, 461, 464, 465, 341, 92, 220, 350, 121, 111, 369, 114, 371, 246, 377, 251}
Saving plots/cluster/6-6.png
Graph idx: 
{385, 129, 387, 4, 5, 6, 266, 10, 269, 14, 273, 403, 405, 406, 278, 153, 26, 32, 288, 36, 39, 169, 42, 425, 43, 175, 49, 52, 54, 186, 59, 444, 187, 60, 58, 190, 321, 322, 66, 197, 453, 72, 78, 463, 336, 84, 213, 343, 95, 353, 358, 106, 107, 108, 109, 367, 369, 374, 376, 378, 381, 127}
Saving plots/cluster/6-7.png
Graph idx: 
{129, 133, 6, 135, 137, 138, 12, 14, 142, 144, 147, 409, 154, 155, 26, 157, 30, 159, 32, 163, 419, 420, 294, 168, 41, 40, 427, 429, 47, 178, 51, 436, 310, 184, 185, 317, 190, 62, 447, 64, 193, 197, 74, 204, 335, 208, 216, 344, 90, 221, 96, 227, 231, 107, 110, 127}
Saving plots/cluster/6-8.png
Graph idx: 
{384, 385, 386, 1, 16, 401, 402, 149, 28, 160, 33, 170, 428, 174, 47, 175, 178, 52, 183, 187, 62, 64, 193, 196, 198, 199, 203, 205, 206, 78, 464, 211, 214, 375, 376, 125}
Saving plots/cluster/6-9.png
Graph idx: 
{1, 133, 6, 137, 27, 415, 46, 432, 177, 440, 443, 67, 69, 198, 327, 73, 206, 463, 79, 84, 214, 88, 92, 364, 124, 383}
Saving plots/cluster/7-0.png
Graph idx: 
{6, 9, 10, 15, 17, 18, 19, 20, 21, 22, 25, 26, 27, 28, 30, 33, 36, 41, 42, 46, 47, 50, 52, 54, 57, 58, 59, 60, 63, 67, 68, 69, 70, 73, 77, 78, 79, 80, 82, 86, 87, 92, 95, 96, 97, 102, 106, 107, 108, 109, 114, 117, 121, 123, 125, 127, 131, 134, 135, 140, 145, 149, 151, 152, 153, 154, 156, 157, 162, 165, 170, 174, 178, 182, 183, 184, 185, 188, 191, 192, 196, 200, 203, 204, 205, 208, 209, 225, 230, 235, 236, 239, 240, 243, 244, 247, 251, 253, 255, 256, 257, 264, 266, 268, 271, 277, 281, 282, 286, 287, 291, 292, 294, 299, 311, 312, 313, 324, 326, 330, 331, 333, 334, 342, 346, 348, 354, 356, 359, 366, 370, 374, 383, 387, 391, 395, 397, 401, 404, 405, 408, 412, 426, 428, 429, 433, 434, 437, 439, 441, 446, 447, 448, 454, 455, 456, 462, 464, 465, 466}
Saving plots/cluster/7-1.png
Graph idx: 
{256, 131, 260, 3, 6, 261, 135, 137, 138, 7, 396, 398, 143, 144, 146, 147, 25, 410, 27, 156, 29, 285, 415, 160, 161, 166, 423, 167, 297, 42, 298, 170, 301, 174, 303, 304, 173, 306, 53, 182, 311, 183, 312, 443, 315, 319, 192, 66, 323, 197, 455, 71, 202, 331, 204, 333, 458, 77, 464, 81, 337, 336, 87, 345, 219, 222, 223, 224, 225, 355, 228, 361, 367, 369, 113, 243, 372, 118, 247, 376, 126}
Saving plots/cluster/7-2.png
Graph idx: 
{0, 386, 388, 389, 390, 262, 266, 268, 15, 402, 403, 21, 277, 407, 408, 282, 412, 29, 30, 288, 417, 419, 164, 424, 43, 300, 429, 430, 432, 304, 179, 437, 438, 439, 310, 314, 443, 188, 444, 447, 193, 449, 323, 453, 200, 201, 331, 203, 461, 205, 464, 465, 341, 92, 220, 350, 121, 111, 369, 114, 371, 246, 377, 251}
Saving plots/cluster/7-3.png
Graph idx: 
{129, 133, 6, 392, 140, 397, 142, 15, 147, 150, 154, 26, 28, 157, 284, 287, 32, 33, 156, 36, 420, 166, 294, 168, 41, 42, 429, 301, 47, 178, 310, 182, 56, 185, 60, 316, 190, 447, 63, 65, 193, 197, 331, 204, 335, 208, 82, 216, 92, 221, 97, 227, 231, 107, 237, 365, 110, 115, 378, 124, 253, 127}
Saving plots/cluster/7-4.png
Graph idx: 
{385, 129, 387, 4, 5, 6, 266, 269, 273, 403, 405, 406, 279, 278, 26, 32, 288, 39, 42, 43, 175, 49, 52, 54, 58, 59, 444, 187, 60, 190, 321, 322, 66, 197, 453, 72, 78, 463, 336, 84, 213, 87, 95, 353, 359, 106, 107, 108, 109, 374, 376, 378, 381, 127}
Saving plots/cluster/7-5.png
Graph idx: 
{385, 386, 387, 388, 5, 390, 7, 264, 11, 19, 21, 25, 28, 29, 159, 416, 160, 418, 419, 163, 420, 287, 431, 434, 436, 437, 182, 314, 315, 189, 190, 191, 318, 195, 200, 202, 206, 464, 209, 208, 213, 214, 353, 359, 363, 239, 367, 240, 242, 114, 373, 121, 124}
Saving plots/cluster/7-6.png
Graph idx: 
{258, 386, 260, 388, 6, 266, 398, 401, 21, 153, 286, 287, 292, 421, 297, 426, 43, 300, 44, 42, 299, 177, 436, 444, 317, 447, 66, 323, 324, 200, 201, 203, 334, 209, 217, 92, 221, 223, 98, 227, 230, 250, 109, 110, 239, 240, 244, 116, 245, 247, 377, 122, 254}
Saving plots/cluster/7-7.png
Graph idx: 
{257, 130, 258, 263, 135, 140, 269, 273, 276, 413, 161, 36, 37, 297, 305, 50, 55, 58, 324, 70, 458, 78, 335, 82, 340, 85, 349, 96, 225, 98, 376, 102, 103, 364, 365, 373, 245, 248, 254}
Saving plots/cluster/7-8.png
Graph idx: 
{0, 133, 395, 11, 397, 15, 16, 401, 405, 287, 419, 420, 304, 306, 434, 437, 183, 440, 189, 318, 450, 455, 73, 338, 87, 94, 98, 231, 105, 113, 243, 376, 122, 124, 253, 383}
Saving plots/cluster/7-9.png
Graph idx: 
{262, 135, 137, 138, 12, 14, 409, 30, 33, 419, 40, 424, 427, 45, 178, 51, 436, 184, 59, 317, 61, 62, 64, 450, 74, 462, 81, 342, 87, 344, 90, 92, 96}
Saving plots/cluster/8-0.png
Graph idx: 
{6, 9, 10, 17, 18, 19, 20, 21, 22, 25, 26, 27, 28, 30, 33, 36, 41, 46, 47, 54, 58, 59, 60, 63, 67, 68, 69, 77, 79, 80, 82, 86, 95, 96, 97, 102, 106, 107, 109, 114, 117, 121, 125, 127, 131, 134, 135, 140, 145, 149, 151, 152, 153, 154, 156, 157, 162, 165, 170, 174, 182, 183, 185, 188, 191, 192, 200, 203, 204, 208, 209, 225, 230, 235, 236, 239, 240, 247, 251, 253, 255, 256, 257, 264, 266, 271, 277, 281, 282, 286, 287, 291, 292, 299, 312, 313, 324, 330, 342, 346, 348, 356, 366, 370, 391, 395, 397, 401, 404, 405, 408, 412, 426, 429, 434, 437, 439, 447, 448, 454, 456, 464, 466}
Saving plots/cluster/8-1.png
Graph idx: 
{0, 386, 388, 389, 390, 262, 266, 268, 15, 402, 403, 21, 277, 407, 408, 282, 412, 29, 30, 288, 417, 419, 424, 43, 300, 429, 430, 432, 304, 179, 437, 438, 439, 310, 314, 443, 188, 444, 447, 193, 323, 453, 200, 201, 331, 203, 461, 464, 465, 341, 92, 220, 350, 121, 111, 369, 114, 371, 246, 377, 251}
Saving plots/cluster/8-2.png
Graph idx: 
{256, 131, 3, 260, 6, 138, 398, 144, 25, 410, 156, 285, 160, 298, 170, 301, 174, 303, 304, 311, 183, 312, 319, 323, 455, 202, 458, 464, 337, 345, 223, 224, 225, 355, 228, 367, 113, 243, 126}
Saving plots/cluster/8-3.png
Graph idx: 
{129, 387, 4, 5, 6, 403, 405, 406, 279, 26, 32, 161, 43, 175, 52, 54, 55, 58, 59, 444, 187, 60, 190, 66, 197, 72, 78, 463, 336, 84, 95, 106, 107, 108, 109, 374, 376, 378, 381, 127}
Saving plots/cluster/8-4.png
Graph idx: 
{388, 5, 135, 137, 138, 12, 14, 409, 30, 160, 418, 419, 420, 40, 427, 434, 51, 436, 178, 184, 317, 62, 64, 464, 213, 214, 344, 221, 353, 227, 114}
Saving plots/cluster/8-5.png
Graph idx: 
{133, 395, 11, 397, 16, 401, 419, 420, 299, 304, 306, 434, 437, 183, 189, 450, 455, 73, 217, 94, 223, 248, 98, 227, 231, 105, 113, 243, 247, 376, 122, 124, 383}
Saving plots/cluster/8-6.png
Graph idx: 
{392, 397, 15, 150, 28, 33, 36, 166, 168, 41, 42, 301, 178, 182, 56, 60, 316, 63, 65, 331, 82, 92, 97, 237, 115, 378, 124, 253}
Saving plots/cluster/8-7.png
Graph idx: 
{258, 386, 260, 388, 6, 398, 401, 21, 153, 286, 287, 292, 421, 297, 426, 43, 42, 177, 436, 66, 200, 201, 203, 209, 219, 225, 98, 110, 116, 377}
Saving plots/cluster/8-8.png
Graph idx: 
{385, 387, 260, 7, 264, 11, 19, 21, 28, 29, 416, 315, 189, 190, 202, 206, 209, 230, 109, 239, 367, 240, 242, 373, 121, 122}
Saving plots/cluster/8-9.png
Graph idx: 
{129, 133, 6, 142, 147, 154, 26, 157, 32, 168, 41, 429, 47, 185, 190, 447, 197, 204, 208, 216, 231, 107, 110, 127}
Saving plots/cluster/9-0.png
Graph idx: 
{6, 17, 18, 19, 20, 21, 26, 27, 28, 30, 33, 47, 54, 58, 60, 63, 67, 69, 77, 82, 96, 97, 102, 106, 107, 109, 117, 121, 125, 127, 131, 134, 135, 145, 152, 153, 156, 157, 162, 165, 182, 188, 192, 203, 204, 208, 209, 225, 230, 235, 236, 239, 240, 247, 251, 253, 255, 256, 257, 264, 266, 271, 277, 281, 282, 286, 291, 292, 299, 312, 313, 324, 342, 346, 348, 356, 366, 370, 391, 395, 401, 404, 405, 408, 426, 429, 434, 437, 439, 447, 448, 454, 456, 464, 466}
Saving plots/cluster/9-1.png
Graph idx: 
{0, 386, 388, 389, 390, 266, 15, 402, 403, 21, 407, 408, 29, 30, 417, 424, 43, 304, 179, 437, 438, 439, 314, 443, 188, 444, 453, 331, 203, 92, 220, 350, 114, 377, 251}
Saving plots/cluster/9-2.png
Graph idx: 
{9, 10, 140, 397, 149, 22, 151, 281, 154, 25, 412, 287, 36, 41, 170, 174, 46, 183, 185, 59, 191, 68, 454, 200, 330, 79, 80, 86, 342, 95, 114}
Saving plots/cluster/9-3.png
Graph idx: 
{129, 387, 4, 5, 6, 403, 405, 406, 279, 26, 32, 43, 305, 54, 58, 60, 190, 66, 197, 78, 106, 107, 374, 376, 378, 381, 127}
Saving plots/cluster/9-4.png
Graph idx: 
{268, 277, 282, 412, 30, 419, 300, 429, 430, 179, 310, 444, 447, 193, 323, 453, 200, 201, 464, 465, 369, 371, 246, 121}
Saving plots/cluster/9-5.png
Graph idx: 
{385, 4, 266, 269, 273, 278, 288, 39, 49, 52, 59, 444, 321, 322, 72, 336, 87, 95, 107, 108, 109}
Saving plots/cluster/9-6.png
Graph idx: 
{392, 397, 15, 150, 28, 33, 36, 166, 168, 41, 42, 178, 182, 60, 63, 65, 92, 97, 115, 378, 124}
Saving plots/cluster/9-7.png
Graph idx: 
{387, 268, 42, 47, 52, 311, 441, 57, 446, 69, 326, 455, 70, 73, 78, 82, 92, 354, 356, 374, 383}
Saving plots/cluster/9-8.png
Graph idx: 
{192, 161, 66, 131, 197, 166, 135, 167, 137, 42, 7, 396, 173, 143, 367, 81, 146, 182, 87, 410}
Saving plots/cluster/9-9.png
Graph idx: 
{258, 386, 260, 388, 6, 398, 153, 421, 426, 43, 42, 177, 436, 66, 201, 203, 209, 98, 110, 116, 377}
Saving plots/cluster/10-0.png
Graph idx: 
{256, 257, 6, 135, 17, 18, 401, 19, 277, 152, 408, 282, 26, 156, 157, 30, 286, 162, 291, 292, 165, 429, 434, 437, 182, 54, 312, 58, 60, 448, 192, 67, 203, 204, 77, 208, 464, 466, 348, 96, 97, 102, 230, 235, 236, 366, 240, 370, 125, 247, 121, 251, 127, 253, 255}
Saving plots/cluster/10-1.png
Graph idx: 
{388, 266, 15, 20, 405, 28, 412, 30, 419, 420, 429, 430, 431, 179, 437, 438, 439, 314, 188, 444, 447, 193, 453, 325, 200, 201, 331, 464, 465, 369, 114, 371, 246, 121}
Saving plots/cluster/10-2.png
Graph idx: 
{131, 134, 391, 264, 266, 271, 145, 18, 404, 277, 21, 153, 281, 33, 426, 47, 439, 313, 58, 324, 69, 454, 456, 209, 82, 225, 97, 356, 106, 107, 109, 117}
Saving plots/cluster/10-3.png
Graph idx: 
{0, 386, 389, 390, 402, 403, 21, 407, 408, 29, 30, 417, 424, 43, 304, 179, 437, 314, 443, 188, 444, 453, 203, 92, 220, 350, 377, 251}
Saving plots/cluster/10-4.png
Graph idx: 
{9, 10, 140, 397, 149, 22, 151, 281, 154, 25, 412, 287, 36, 41, 170, 174, 46, 183, 185, 191, 68, 454, 200, 330, 79, 80, 86, 342, 95, 114}
Saving plots/cluster/10-5.png
Graph idx: 
{387, 392, 397, 15, 150, 28, 33, 36, 166, 168, 41, 42, 178, 182, 60, 63, 65, 92, 97, 115, 378, 124}
Saving plots/cluster/10-6.png
Graph idx: 
{129, 4, 5, 6, 403, 405, 406, 26, 32, 43, 54, 58, 60, 190, 66, 197, 78, 106, 374, 378, 381, 127}
Saving plots/cluster/10-7.png
Graph idx: 
{192, 161, 66, 131, 197, 166, 135, 167, 137, 42, 7, 396, 173, 143, 81, 146, 182, 87, 410}
Saving plots/cluster/10-8.png
Graph idx: 
{256, 224, 355, 228, 323, 455, 298, 303, 304, 337, 243, 311, 312, 319}
Saving plots/cluster/10-9.png
Graph idx: 
{225, 227, 420, 376, 105, 73, 395, 11, 219, 16, 434, 243, 183, 248, 122, 247, 94, 223}
Saving plots/cluster/11-0.png
Graph idx: 
{131, 134, 391, 264, 266, 271, 145, 18, 404, 277, 21, 153, 281, 33, 426, 47, 439, 313, 58, 324, 69, 454, 456, 209, 82, 225, 97, 356, 106, 107, 109, 117}
Saving plots/cluster/11-1.png
Graph idx: 
{17, 401, 277, 152, 26, 282, 157, 30, 162, 291, 429, 434, 54, 58, 60, 67, 77, 464, 466, 348, 96, 97, 230, 235, 236, 366, 240, 247, 253, 251, 125, 127}
Saving plots/cluster/11-2.png
Graph idx: 
{9, 10, 140, 149, 22, 151, 281, 154, 25, 412, 287, 36, 41, 170, 174, 46, 183, 185, 191, 68, 454, 200, 330, 79, 80, 86, 342, 95, 114}
Saving plots/cluster/11-3.png
Graph idx: 
{386, 390, 402, 403, 21, 407, 408, 29, 30, 417, 424, 43, 179, 437, 314, 443, 188, 444, 203, 92, 220, 377, 251}
Saving plots/cluster/11-4.png
Graph idx: 
{392, 397, 15, 150, 28, 33, 36, 166, 168, 41, 42, 178, 182, 56, 60, 63, 65, 82, 92, 97, 115, 378, 124}
Saving plots/cluster/11-5.png
Graph idx: 
{256, 257, 135, 18, 19, 157, 286, 292, 437, 182, 312, 448, 192, 203, 204, 208, 102, 236, 240, 370, 121, 253, 255}
Saving plots/cluster/11-6.png
Graph idx: 
{129, 4, 5, 6, 403, 405, 406, 26, 32, 43, 54, 58, 60, 190, 66, 197, 78, 106, 374, 378, 381, 127}
Saving plots/cluster/11-7.png
Graph idx: 
{192, 161, 66, 131, 197, 166, 135, 167, 137, 42, 7, 396, 173, 143, 367, 81, 146, 182, 87, 410}
Saving plots/cluster/11-8.png
Graph idx: 
{385, 322, 321, 4, 39, 72, 266, 107, 108, 269, 49, 273, 52, 278, 87, 59, 95}
Saving plots/cluster/11-9.png
Graph idx: 
{160, 131, 6, 202, 138, 458, 170, 398, 174, 144, 113, 183, 25, 410, 156, 126}
Saving plots/cluster/12-0.png
Graph idx: 
{17, 401, 277, 152, 26, 282, 157, 30, 162, 291, 429, 434, 54, 58, 60, 67, 77, 464, 466, 348, 96, 97, 230, 235, 236, 366, 240, 247, 253, 251, 125, 127}
Saving plots/cluster/12-1.png
Graph idx: 
{392, 397, 15, 150, 28, 33, 36, 166, 168, 41, 42, 178, 182, 56, 60, 63, 65, 82, 92, 97, 115, 378, 124}
Saving plots/cluster/12-2.png
Graph idx: 
{129, 4, 5, 6, 403, 405, 406, 26, 32, 43, 54, 58, 60, 190, 66, 197, 78, 106, 374, 378, 381, 127}
Saving plots/cluster/12-3.png
Graph idx: 
{160, 131, 6, 202, 138, 458, 170, 398, 174, 144, 113, 183, 25, 410, 156, 126}
Saving plots/cluster/12-4.png
Graph idx: 
{185, 36, 68, 454, 41, 9, 10, 174, 79, 80, 114, 149, 86, 22, 151, 25, 412, 191}
Saving plots/cluster/12-5.png
Graph idx: 
{439, 225, 356, 391, 264, 266, 107, 426, 109, 271, 209, 18, 404, 277, 21, 117, 281}
Saving plots/cluster/12-6.png
Graph idx: 
{386, 444, 390, 424, 43, 203, 402, 179, 188, 437, 21, 407, 408, 377, 403, 92, 30}
Saving plots/cluster/12-7.png
Graph idx: 
{33, 153, 131, 324, 69, 134, 454, 456, 97, 106, 47, 145, 82, 313, 58}
Saving plots/cluster/12-8.png
Graph idx: 
{1, 67, 133, 198, 6, 415, 137, 69, 46, 206, 432, 177, 84, 214, 440, 383}
Saving plots/cluster/12-9.png
Graph idx: 
{353, 450, 420, 357, 455, 299, 334, 335, 437, 342, 344, 317}
Saving plots/cluster/13-0.png
Graph idx: 
{17, 401, 277, 152, 26, 282, 157, 30, 162, 291, 429, 434, 54, 58, 60, 67, 77, 464, 466, 348, 96, 97, 230, 235, 236, 366, 240, 247, 253, 251, 125, 127}
Saving plots/cluster/13-1.png
Graph idx: 
{160, 131, 6, 138, 202, 458, 170, 398, 174, 144, 177, 113, 410, 116, 183, 153, 126, 156, 25}
Saving plots/cluster/13-2.png
Graph idx: 
{129, 4, 5, 6, 403, 405, 406, 26, 32, 43, 54, 58, 60, 190, 66, 197, 78, 106, 374, 378, 381, 127}
Saving plots/cluster/13-3.png
Graph idx: 
{185, 36, 68, 196, 41, 9, 10, 174, 79, 80, 114, 149, 86, 22, 151, 25, 412, 191}
Saving plots/cluster/13-4.png
Graph idx: 
{65, 97, 36, 392, 42, 397, 60, 28, 178, 82, 182, 56, 378, 92, 63}
Saving plots/cluster/13-5.png
Graph idx: 
{192, 66, 131, 197, 135, 7, 137, 42, 396, 143, 81, 146, 182, 87, 410}
Saving plots/cluster/13-6.png
Graph idx: 
{1, 67, 133, 198, 6, 415, 137, 69, 46, 206, 432, 177, 84, 214, 440, 383}
Saving plots/cluster/13-7.png
Graph idx: 
{386, 390, 43, 203, 402, 179, 188, 21, 403, 407, 408, 377, 92, 30}
Saving plots/cluster/13-8.png
Graph idx: 
{66, 71, 42, 202, 396, 204, 77, 147, 53, 118, 376, 27, 126}
Saving plots/cluster/13-9.png
Graph idx: 
{224, 72, 73, 305, 82, 371, 309, 86, 55, 406, 89, 58, 382}
Saving plots/cluster/14-0.png
Graph idx: 
{17, 401, 152, 26, 282, 157, 291, 429, 434, 54, 58, 60, 67, 77, 464, 466, 348, 96, 97, 366, 240, 247, 251, 125, 127}
Saving plots/cluster/14-1.png
Graph idx: 
{129, 4, 5, 6, 403, 405, 406, 26, 32, 43, 54, 58, 60, 190, 66, 197, 78, 106, 374, 378, 381, 127}
Saving plots/cluster/14-2.png
Graph idx: 
{160, 131, 6, 361, 138, 202, 458, 170, 398, 174, 144, 113, 372, 183, 25, 410, 156, 126}
Saving plots/cluster/14-3.png
Graph idx: 
{185, 36, 68, 196, 41, 9, 10, 174, 79, 80, 114, 149, 86, 22, 151, 25, 412, 191}
Saving plots/cluster/14-4.png
Graph idx: 
{385, 98, 66, 386, 3, 388, 201, 42, 43, 203, 110, 209, 19, 377, 189, 447}
Saving plots/cluster/14-5.png
Graph idx: 
{65, 97, 36, 392, 42, 107, 397, 60, 28, 178, 182, 378, 92, 63}
Saving plots/cluster/14-6.png
Graph idx: 
{66, 130, 71, 42, 202, 396, 204, 140, 77, 147, 53, 118, 376, 27, 126}
Saving plots/cluster/14-7.png
Graph idx: 
{356, 391, 264, 266, 107, 426, 109, 271, 209, 404, 277, 21, 439, 281}
Saving plots/cluster/14-8.png
Graph idx: 
{224, 72, 73, 305, 82, 371, 309, 86, 55, 406, 89, 58, 382}
Saving plots/cluster/14-9.png
Graph idx: 
{67, 69, 6, 415, 46, 206, 432, 177, 84, 214, 440, 383}
Saving plots/cluster/15-0.png
Graph idx: 
{17, 401, 152, 26, 282, 157, 291, 429, 434, 54, 58, 60, 67, 77, 464, 466, 348, 96, 97, 366, 240, 247, 251, 125, 127}
Saving plots/cluster/15-1.png
Graph idx: 
{129, 4, 5, 6, 403, 405, 406, 26, 32, 43, 54, 58, 60, 190, 66, 197, 78, 106, 374, 378, 381, 127}
Saving plots/cluster/15-2.png
Graph idx: 
{160, 131, 6, 361, 138, 202, 458, 170, 398, 174, 144, 113, 372, 183, 25, 410, 156, 126}
Saving plots/cluster/15-3.png
Graph idx: 
{185, 36, 68, 196, 41, 9, 10, 174, 79, 80, 114, 149, 86, 22, 151, 25, 412, 191}
Saving plots/cluster/15-4.png
Graph idx: 
{66, 130, 71, 42, 202, 396, 204, 140, 77, 147, 53, 118, 376, 27, 126}
Saving plots/cluster/15-5.png
Graph idx: 
{36, 37, 70, 135, 78, 112, 50, 52, 85, 55, 119, 59, 124}
Saving plots/cluster/15-6.png
Graph idx: 
{1, 67, 69, 198, 6, 415, 46, 206, 432, 177, 84, 214, 440, 383}
Saving plots/cluster/15-7.png
Graph idx: 
{192, 66, 131, 135, 200, 7, 42, 81, 401, 146, 21, 87, 410}
Saving plots/cluster/15-8.png
Graph idx: 
{98, 133, 105, 73, 395, 16, 113, 178, 183, 376, 122, 94}
Saving plots/cluster/15-9.png
Graph idx: 
{224, 72, 73, 305, 82, 309, 86, 55, 406, 89, 58, 382}
Saving plots/cluster/16-0.png
Graph idx: 
{17, 401, 152, 26, 282, 157, 291, 429, 434, 54, 58, 60, 67, 77, 464, 466, 348, 96, 97, 366, 247, 125, 127}
Saving plots/cluster/16-1.png
Graph idx: 
{129, 4, 5, 6, 403, 405, 406, 26, 32, 43, 54, 58, 60, 190, 66, 197, 78, 106, 374, 378, 381, 127}
Saving plots/cluster/16-2.png
Graph idx: 
{129, 386, 388, 133, 6, 142, 154, 157, 41, 42, 43, 47, 190, 66, 201, 203, 209, 98, 110, 377, 127}
Saving plots/cluster/16-3.png
Graph idx: 
{160, 131, 6, 361, 138, 202, 458, 170, 398, 174, 144, 113, 372, 183, 25, 410, 156, 126}
Saving plots/cluster/16-4.png
Graph idx: 
{185, 36, 68, 196, 41, 9, 10, 174, 79, 80, 114, 149, 86, 22, 151, 25, 412, 191}
Saving plots/cluster/16-5.png
Graph idx: 
{36, 37, 70, 135, 78, 112, 50, 52, 85, 55, 119, 59, 124}
Saving plots/cluster/16-6.png
Graph idx: 
{98, 133, 105, 73, 395, 16, 113, 178, 183, 376, 122, 94}
Saving plots/cluster/16-7.png
Graph idx: 
{97, 131, 69, 134, 106, 47, 145, 82, 153, 58}
Saving plots/cluster/16-8.png
Graph idx: 
{192, 66, 131, 135, 7, 42, 81, 146, 87, 410}
Saving plots/cluster/16-9.png
Graph idx: 
{170, 330, 140, 46, 342, 281, 154, 95, 287}
Saving plots/cluster/17-0.png
Graph idx: 
{17, 401, 152, 26, 282, 157, 291, 429, 434, 54, 58, 60, 67, 77, 464, 466, 348, 96, 97, 366, 247, 125, 127}
Saving plots/cluster/17-1.png
Graph idx: 
{129, 386, 388, 133, 6, 142, 154, 157, 419, 424, 41, 42, 43, 47, 190, 66, 201, 74, 203, 209, 98, 110, 377, 127}
Saving plots/cluster/17-2.png
Graph idx: 
{129, 4, 5, 6, 403, 405, 406, 26, 32, 43, 54, 58, 60, 190, 66, 197, 78, 106, 374, 378, 381, 127}
Saving plots/cluster/17-3.png
Graph idx: 
{160, 131, 6, 361, 138, 202, 458, 170, 398, 174, 144, 113, 372, 183, 25, 410, 156, 126}
Saving plots/cluster/17-4.png
Graph idx: 
{185, 36, 68, 196, 41, 9, 10, 174, 79, 80, 114, 149, 86, 22, 151, 25, 412, 191}
Saving plots/cluster/17-5.png
Graph idx: 
{36, 37, 70, 135, 78, 112, 50, 52, 85, 55, 119, 59, 124}
Saving plots/cluster/17-6.png
Graph idx: 
{192, 66, 131, 390, 135, 7, 42, 81, 146, 87, 410, 159}
Saving plots/cluster/17-7.png
Graph idx: 
{97, 131, 69, 134, 106, 47, 145, 82, 153, 58}
Saving plots/cluster/17-8.png
Graph idx: 
{353, 322, 266, 269, 302, 273, 373, 278}
Saving plots/cluster/17-9.png
Graph idx: 
{170, 330, 140, 46, 342, 281, 154, 95, 287}
Saving plots/cluster/18-0.png
Graph idx: 
{17, 401, 152, 26, 282, 157, 429, 434, 54, 58, 60, 67, 77, 464, 466, 348, 96, 97, 366, 247, 125, 127}
Saving plots/cluster/18-1.png
Graph idx: 
{129, 4, 5, 6, 403, 405, 406, 26, 32, 36, 43, 54, 58, 60, 190, 66, 197, 78, 106, 374, 378, 381, 127}
Saving plots/cluster/18-2.png
Graph idx: 
{185, 36, 68, 196, 41, 9, 10, 174, 79, 80, 114, 149, 86, 22, 151, 25, 412, 191}
Saving plots/cluster/18-3.png
Graph idx: 
{36, 37, 70, 135, 187, 78, 112, 50, 52, 85, 55, 119, 59, 124}
Saving plots/cluster/18-4.png
Graph idx: 
{66, 71, 40, 42, 138, 12, 77, 14, 53, 118, 184, 27, 126}
Saving plots/cluster/18-5.png
Graph idx: 
{192, 66, 131, 390, 135, 7, 42, 81, 146, 87, 410, 159}
Saving plots/cluster/18-6.png
Graph idx: 
{66, 419, 388, 6, 424, 201, 42, 43, 203, 110, 377, 157}
Saving plots/cluster/18-7.png
Graph idx: 
{131, 6, 138, 398, 144, 113, 372, 25, 410, 156}
Saving plots/cluster/18-8.png
Graph idx: 
{129, 98, 386, 133, 41, 74, 142, 47, 209, 154, 190, 127}
Saving plots/cluster/18-9.png
Graph idx: 
{97, 131, 69, 134, 106, 47, 145, 82, 153, 58}
Saving plots/cluster/19-0.png
Graph idx: 
{129, 4, 5, 6, 403, 405, 406, 26, 32, 36, 43, 54, 58, 60, 190, 66, 197, 78, 106, 374, 378, 381, 127}
Saving plots/cluster/19-1.png
Graph idx: 
{185, 36, 68, 196, 41, 9, 10, 174, 79, 80, 114, 149, 86, 22, 151, 25, 412, 191}
Saving plots/cluster/19-2.png
Graph idx: 
{36, 37, 70, 135, 187, 78, 112, 50, 52, 85, 55, 119, 59, 124}
Saving plots/cluster/19-3.png
Graph idx: 
{192, 66, 131, 390, 135, 7, 42, 81, 146, 87, 410, 159}
Saving plots/cluster/19-4.png
Graph idx: 
{0, 65, 137, 60, 115, 405, 440, 124, 63}
Saving plots/cluster/19-5.png
Graph idx: 
{131, 6, 138, 398, 144, 113, 25, 410, 156}
Saving plots/cluster/19-6.png
Graph idx: 
{96, 26, 67, 77, 17, 54, 247, 58, 60, 157}
Saving plots/cluster/19-7.png
Graph idx: 
{66, 40, 42, 138, 12, 77, 14, 53, 184, 27, 126}
Saving plots/cluster/19-8.png
Graph idx: 
{353, 322, 266, 269, 302, 273, 373, 278}
Saving plots/cluster/19-9.png
Graph idx: 
{170, 330, 140, 46, 342, 281, 154, 95, 287}
Saving plots/cluster/20-0.png
Graph idx: 
{129, 4, 5, 6, 403, 405, 406, 26, 32, 36, 43, 54, 58, 60, 190, 66, 197, 78, 106, 374, 378, 381, 127}
Saving plots/cluster/20-1.png
Graph idx: 
{185, 36, 68, 196, 41, 9, 10, 174, 79, 80, 114, 149, 86, 22, 151, 25, 412, 191}
Saving plots/cluster/20-2.png
Graph idx: 
{131, 6, 138, 398, 144, 113, 25, 410, 156}
Saving plots/cluster/20-3.png
Graph idx: 
{96, 26, 67, 77, 17, 54, 247, 58, 60, 157}
Saving plots/cluster/20-4.png
Graph idx: 
{66, 40, 42, 138, 12, 77, 14, 53, 184, 27, 126}
Saving plots/cluster/20-5.png
Graph idx: 
{193, 418, 200, 201, 15, 182, 121, 27, 188, 447}
Saving plots/cluster/20-6.png
Graph idx: 
{97, 429, 464, 401, 466, 434, 152, 125, 127}
Saving plots/cluster/20-7.png
Graph idx: 
{353, 322, 295, 266, 363, 269, 273, 278}
Saving plots/cluster/20-8.png
Graph idx: 
{36, 37, 70, 135, 112, 50, 52, 119, 124}
Saving plots/cluster/20-9.png
Graph idx: 
{66, 388, 6, 42, 43, 203, 110, 377}
