Using dataset cuneiform
Downloading https://www.chrsmrrs.com/graphkerneldatasets/Cuneiform.zip
Extracting /tmp/Cuneiform/Cuneiform/Cuneiform.zip
Processing...
Done!
267 graphs
search strategy: greedy
Rank Method: counts
seeds come from 247 distinct graphs
seeds come from 247 distinct graphs
seeds come from 247 distinct graphs
seeds come from 247 distinct graphs
seeds come from 247 distinct graphs
seeds come from 247 distinct graphs
seeds come from 247 distinct graphs
seeds come from 247 distinct graphs
seeds come from 235 distinct graphs
seeds come from 235 distinct graphs
seeds come from 235 distinct graphs
seeds come from 235 distinct graphs
seeds come from 235 distinct graphs
seeds come from 235 distinct graphs
seeds come from 235 distinct graphs
seeds come from 235 distinct graphs
seeds come from 165 distinct graphs
seeds come from 165 distinct graphs
seeds come from 165 distinct graphs
seeds come from 165 distinct graphs
Saving analysis info in results/analyze.p
Saving analysis plot in results/analyze.png
1623.037116765976 TOTAL TIME
27 mins 3 secs
Saving plots/cluster/5-0.png
Graph idx: 
{0, 1, 2, 4, 5, 6, 7, 9, 10, 11, 12, 13, 14, 15, 16, 17, 18, 19, 21, 22, 23, 24, 25, 26, 27, 28, 29, 30, 31, 33, 35, 36, 37, 38, 39, 40, 41, 43, 45, 46, 47, 48, 49, 51, 52, 53, 54, 55, 56, 57, 58, 59, 60, 61, 62, 64, 67, 68, 69, 70, 73, 74, 75, 76, 77, 78, 79, 80, 81, 82, 83, 84, 85, 86, 87, 88, 89, 90, 93, 96, 97, 98, 99, 100, 102, 103, 104, 105, 107, 108, 109, 111, 112, 113, 114, 115, 116, 117, 118, 122, 123, 124, 125, 126, 127, 128, 129, 130, 131, 133, 135, 136, 137, 138, 139, 140, 141, 142, 143, 144, 145, 146, 147, 148, 149, 150, 154, 155, 156, 158, 159, 160, 162, 163, 164, 165, 166, 167, 168, 169, 170, 171, 172, 173, 174, 175, 176, 177, 178, 179, 180, 181, 182, 183, 184, 186, 187, 188, 189, 190, 191, 192, 193, 194, 195, 196, 197, 198, 199, 200, 201, 202, 203, 205, 206, 207, 208, 209, 210, 211, 212, 213, 214, 215, 216, 218, 219, 220, 222, 223, 225, 227, 228, 229, 230, 231, 232, 233, 234, 235, 236, 237, 238, 239, 241, 243, 244, 246, 247, 248, 249, 250, 251, 253, 254, 255, 256, 257, 258, 259, 260, 262, 263, 264, 265, 266}
Saving plots/cluster/5-1.png
Graph idx: 
{1, 4, 6, 10, 11, 12, 13, 16, 17, 19, 22, 25, 33, 35, 38, 45, 46, 47, 48, 49, 50, 51, 54, 58, 64, 66, 67, 73, 74, 75, 76, 77, 79, 82, 96, 97, 98, 99, 101, 102, 103, 105, 108, 109, 113, 115, 118, 119, 124, 127, 128, 130, 136, 139, 141, 142, 143, 145, 148, 153, 156, 158, 160, 161, 163, 166, 167, 169, 175, 178, 185, 188, 190, 197, 199, 201, 202, 203, 208, 213, 219, 220, 223, 224, 225, 227, 229, 231, 232, 234, 239, 244, 248, 249, 250, 254, 255, 257, 258, 259, 262}
Saving plots/cluster/5-2.png
Graph idx: 
{6, 9, 12, 14, 16, 18, 20, 22, 23, 24, 25, 32, 33, 34, 36, 37, 38, 39, 43, 48, 55, 58, 59, 62, 66, 67, 68, 69, 71, 72, 73, 74, 76, 79, 81, 85, 88, 89, 90, 97, 100, 102, 103, 109, 110, 112, 113, 115, 123, 125, 127, 133, 134, 136, 148, 149, 151, 158, 161, 164, 165, 171, 174, 180, 181, 183, 184, 186, 187, 191, 192, 193, 198, 199, 203, 208, 209, 210, 211, 213, 214, 219, 225, 227, 228, 229, 230, 231, 234, 235, 239, 241, 243, 244, 251, 256, 260, 261}
Saving plots/cluster/5-3.png
Graph idx: 
{257, 264, 19, 148, 22, 25, 29, 31, 32, 34, 35, 43, 44, 46, 49, 51, 52, 53, 54, 189, 62, 191, 64, 190, 196, 72, 75, 76, 208, 84, 214, 119, 90, 91, 96, 228, 101, 107, 109, 238, 110, 118, 247, 249, 123, 252, 255}
Saving plots/cluster/5-4.png
Graph idx: 
{257, 131, 135, 142, 14, 143, 16, 148, 21, 23, 28, 167, 39, 45, 46, 50, 53, 54, 195, 200, 81, 82, 211, 212, 219, 99, 231, 232, 233, 105, 106, 104, 234, 103, 244, 118, 122, 126}
Saving plots/cluster/5-5.png
Graph idx: 
{236, 237, 206, 207, 177, 117, 86, 87, 56, 57, 27}
Saving plots/cluster/5-6.png
Graph idx: 
{0, 266, 116, 87}
Saving plots/cluster/5-7.png
Graph idx: 
{147, 206, 87}
Saving plots/cluster/6-0.png
Graph idx: 
{1, 2, 4, 5, 6, 7, 9, 10, 11, 12, 13, 14, 15, 16, 17, 18, 19, 21, 22, 23, 24, 25, 26, 27, 28, 29, 30, 31, 33, 35, 36, 37, 38, 39, 40, 41, 43, 45, 46, 47, 48, 49, 51, 52, 53, 54, 55, 56, 57, 58, 59, 60, 61, 62, 64, 67, 68, 69, 70, 73, 74, 75, 76, 77, 78, 79, 80, 81, 82, 83, 84, 85, 88, 89, 90, 93, 96, 97, 98, 99, 100, 102, 103, 104, 105, 107, 108, 109, 111, 112, 113, 114, 115, 118, 122, 123, 124, 125, 126, 127, 128, 129, 130, 131, 133, 135, 136, 137, 138, 139, 140, 141, 142, 143, 144, 145, 146, 148, 149, 150, 154, 155, 156, 158, 159, 160, 162, 163, 164, 165, 166, 167, 168, 169, 170, 171, 172, 173, 174, 175, 176, 177, 178, 179, 180, 181, 182, 183, 184, 186, 187, 188, 189, 190, 191, 192, 193, 194, 195, 196, 197, 198, 199, 200, 201, 202, 203, 205, 206, 208, 209, 210, 211, 212, 213, 214, 215, 216, 218, 219, 220, 222, 223, 225, 227, 228, 229, 230, 231, 232, 233, 234, 235, 238, 239, 241, 243, 244, 246, 247, 248, 249, 250, 251, 253, 254, 255, 256, 257, 258, 259, 260, 262, 263, 264, 265}
Saving plots/cluster/6-1.png
Graph idx: 
{1, 4, 6, 10, 11, 12, 13, 16, 17, 19, 22, 25, 33, 35, 38, 45, 46, 47, 48, 49, 50, 51, 54, 58, 64, 66, 67, 73, 74, 75, 76, 77, 79, 82, 96, 97, 98, 99, 101, 102, 103, 105, 108, 109, 113, 115, 118, 119, 124, 127, 128, 130, 136, 139, 141, 142, 143, 145, 148, 153, 156, 158, 160, 161, 163, 166, 167, 169, 175, 178, 185, 188, 190, 197, 199, 201, 202, 203, 208, 213, 219, 220, 223, 224, 225, 227, 229, 231, 232, 234, 239, 244, 248, 249, 250, 254, 255, 257, 258, 259, 262}
Saving plots/cluster/6-2.png
Graph idx: 
{256, 260, 261, 134, 6, 9, 14, 18, 20, 149, 23, 24, 151, 33, 161, 34, 36, 164, 165, 37, 171, 48, 181, 183, 184, 186, 187, 59, 191, 192, 66, 67, 198, 71, 72, 74, 209, 81, 211, 213, 214, 89, 97, 225, 227, 228, 102, 230, 231, 123, 110, 239, 241, 243, 244, 251, 125, 127}
Saving plots/cluster/6-3.png
Graph idx: 
{0, 133, 136, 12, 16, 148, 22, 25, 158, 32, 38, 39, 43, 174, 180, 55, 58, 62, 193, 68, 69, 199, 73, 203, 76, 79, 208, 207, 210, 85, 87, 88, 90, 219, 100, 229, 103, 234, 235, 236, 109, 112, 113, 115}
Saving plots/cluster/6-4.png
Graph idx: 
{0, 266, 236, 237, 206, 207, 177, 146, 147, 116, 117, 86, 87, 56, 57, 27}
Saving plots/cluster/6-5.png
Graph idx: 
{257, 264, 19, 148, 22, 25, 29, 31, 32, 34, 35, 43, 44, 46, 49, 51, 52, 53, 54, 189, 62, 191, 64, 190, 196, 72, 75, 76, 208, 84, 214, 119, 90, 91, 96, 228, 101, 107, 109, 238, 110, 118, 247, 249, 123, 252, 255}
Saving plots/cluster/6-6.png
Graph idx: 
{0, 257, 131, 135, 266, 142, 14, 143, 16, 148, 21, 23, 28, 167, 39, 45, 46, 50, 53, 54, 195, 200, 81, 82, 211, 212, 87, 219, 99, 231, 232, 233, 105, 106, 104, 234, 103, 244, 116, 118, 122, 126}
Saving plots/cluster/6-7.png
Graph idx: 
{236, 237, 206, 207, 177, 117, 86, 87, 56, 57, 27}
Saving plots/cluster/6-8.png
Graph idx: 
{147, 206, 87}
Saving plots/cluster/7-0.png
Graph idx: 
{1, 5, 6, 9, 11, 12, 13, 16, 18, 19, 21, 22, 23, 25, 26, 27, 28, 30, 33, 36, 38, 39, 40, 43, 45, 46, 47, 48, 49, 52, 53, 54, 55, 57, 58, 60, 62, 68, 69, 70, 73, 75, 76, 77, 78, 79, 80, 82, 83, 84, 85, 88, 90, 93, 96, 98, 99, 100, 103, 105, 107, 108, 109, 112, 113, 114, 115, 118, 122, 123, 126, 128, 129, 130, 133, 135, 136, 137, 138, 139, 140, 142, 143, 144, 145, 146, 148, 150, 156, 158, 159, 160, 163, 165, 166, 167, 168, 169, 170, 172, 173, 174, 175, 176, 177, 178, 180, 182, 183, 186, 188, 189, 190, 193, 195, 196, 197, 198, 199, 200, 202, 203, 205, 206, 208, 210, 212, 213, 216, 218, 219, 220, 223, 225, 227, 228, 229, 230, 232, 233, 234, 235, 238, 243, 246, 248, 249, 250, 253, 255, 256, 257, 258, 259, 260, 262, 263, 264, 265}
Saving plots/cluster/7-1.png
Graph idx: 
{1, 4, 6, 10, 11, 12, 13, 16, 17, 19, 22, 25, 27, 33, 35, 38, 45, 46, 47, 48, 49, 50, 51, 54, 56, 57, 58, 64, 66, 67, 73, 74, 75, 76, 77, 79, 82, 86, 87, 96, 97, 98, 99, 101, 102, 103, 105, 108, 109, 113, 115, 117, 118, 119, 124, 127, 128, 130, 136, 139, 141, 142, 143, 145, 148, 153, 156, 158, 160, 161, 163, 166, 167, 169, 175, 177, 178, 185, 188, 190, 197, 199, 201, 202, 203, 206, 207, 208, 213, 219, 220, 223, 224, 225, 227, 229, 231, 232, 234, 236, 237, 239, 244, 248, 249, 250, 254, 255, 257, 258, 259, 262}
Saving plots/cluster/7-2.png
Graph idx: 
{0, 131, 4, 133, 136, 12, 141, 14, 16, 17, 148, 149, 22, 25, 158, 31, 32, 162, 164, 38, 39, 43, 174, 179, 180, 55, 184, 56, 58, 187, 61, 62, 191, 192, 193, 67, 68, 69, 199, 73, 74, 203, 76, 79, 208, 207, 210, 211, 85, 214, 87, 88, 90, 219, 222, 97, 100, 229, 102, 103, 104, 234, 235, 236, 109, 239, 112, 241, 113, 115, 244, 251, 124, 254, 127}
Saving plots/cluster/7-3.png
Graph idx: 
{2, 4, 7, 10, 141, 14, 15, 149, 24, 154, 155, 29, 31, 162, 35, 164, 37, 41, 171, 51, 179, 181, 184, 187, 59, 191, 64, 194, 201, 74, 209, 81, 211, 214, 215, 89, 222, 97, 231, 111, 239, 247, 251, 124, 125, 254, 127}
Saving plots/cluster/7-4.png
Graph idx: 
{256, 260, 261, 134, 6, 9, 14, 18, 20, 149, 23, 24, 151, 33, 161, 34, 36, 164, 165, 37, 171, 48, 181, 183, 184, 186, 187, 59, 191, 192, 66, 67, 198, 71, 72, 74, 209, 81, 211, 213, 214, 89, 97, 225, 227, 228, 102, 230, 231, 123, 110, 239, 241, 243, 244, 251, 125, 127}
Saving plots/cluster/7-5.png
Graph idx: 
{0, 257, 264, 266, 19, 148, 22, 25, 29, 31, 32, 34, 35, 43, 44, 46, 49, 51, 52, 53, 54, 189, 62, 191, 64, 190, 196, 72, 75, 76, 208, 84, 214, 87, 119, 90, 91, 96, 228, 101, 107, 109, 238, 110, 116, 118, 247, 249, 123, 252, 255}
Saving plots/cluster/7-6.png
Graph idx: 
{0, 266, 236, 237, 206, 207, 177, 146, 147, 116, 117, 86, 87, 56, 57, 27}
Saving plots/cluster/7-7.png
Graph idx: 
{257, 131, 135, 142, 14, 143, 16, 148, 21, 23, 28, 167, 39, 45, 46, 50, 53, 54, 195, 200, 81, 82, 211, 212, 219, 99, 231, 232, 233, 105, 106, 104, 234, 103, 244, 118, 122, 126}
Saving plots/cluster/7-8.png
Graph idx: 
{147, 206, 87}
Saving plots/cluster/8-0.png
Graph idx: 
{1, 2, 4, 6, 7, 9, 10, 12, 13, 14, 15, 18, 19, 21, 22, 23, 24, 25, 26, 28, 29, 31, 33, 35, 36, 37, 38, 39, 40, 41, 43, 45, 46, 47, 48, 49, 51, 52, 53, 54, 55, 59, 64, 68, 69, 70, 73, 74, 75, 76, 77, 78, 79, 80, 81, 82, 83, 84, 85, 88, 89, 93, 96, 97, 98, 99, 100, 103, 105, 107, 108, 109, 111, 112, 113, 114, 115, 118, 123, 124, 125, 126, 127, 128, 129, 130, 133, 135, 136, 137, 138, 139, 140, 141, 142, 143, 144, 145, 148, 149, 154, 155, 156, 158, 159, 160, 162, 163, 164, 165, 166, 167, 168, 169, 170, 171, 172, 173, 174, 175, 176, 178, 179, 181, 183, 184, 186, 187, 188, 189, 190, 191, 193, 194, 195, 196, 197, 198, 199, 200, 201, 202, 203, 205, 208, 209, 211, 213, 214, 215, 216, 218, 219, 220, 222, 223, 225, 227, 228, 229, 230, 231, 232, 233, 234, 235, 238, 239, 243, 246, 247, 248, 249, 250, 251, 254, 255, 256, 257, 258, 259, 260, 262, 263, 265}
Saving plots/cluster/8-1.png
Graph idx: 
{0, 1, 4, 5, 11, 12, 14, 16, 17, 22, 25, 27, 28, 30, 31, 32, 38, 39, 40, 43, 52, 55, 56, 57, 58, 60, 61, 62, 67, 68, 69, 70, 73, 74, 76, 79, 82, 85, 87, 88, 90, 97, 98, 100, 102, 103, 104, 109, 112, 113, 115, 118, 122, 124, 127, 128, 131, 133, 136, 141, 144, 145, 146, 148, 149, 150, 158, 162, 163, 164, 169, 172, 173, 174, 175, 176, 177, 179, 180, 182, 184, 187, 189, 191, 192, 193, 199, 202, 203, 206, 207, 208, 210, 211, 212, 214, 218, 219, 222, 229, 233, 234, 235, 236, 238, 239, 241, 244, 248, 251, 253, 254, 259, 262, 264}
Saving plots/cluster/8-2.png
Graph idx: 
{1, 6, 12, 13, 16, 19, 22, 25, 27, 33, 38, 45, 46, 48, 49, 50, 54, 56, 57, 66, 73, 75, 76, 77, 79, 82, 86, 87, 96, 98, 99, 101, 105, 108, 115, 117, 118, 119, 124, 128, 130, 136, 139, 143, 145, 148, 153, 158, 160, 161, 167, 169, 175, 177, 178, 185, 188, 190, 199, 201, 203, 206, 207, 208, 213, 219, 220, 223, 225, 227, 229, 232, 234, 236, 237, 239, 244, 248, 249, 250, 254, 255, 257, 258, 259, 262}
Saving plots/cluster/8-3.png
Graph idx: 
{0, 257, 131, 135, 264, 266, 142, 14, 143, 16, 19, 148, 21, 22, 23, 25, 28, 29, 31, 32, 34, 35, 167, 39, 43, 44, 45, 46, 49, 50, 51, 52, 53, 54, 189, 62, 191, 64, 190, 195, 196, 72, 200, 75, 76, 208, 81, 82, 211, 84, 212, 214, 87, 119, 90, 219, 91, 96, 99, 228, 101, 231, 232, 233, 105, 106, 104, 107, 238, 234, 103, 109, 110, 244, 116, 118, 247, 249, 122, 123, 252, 126, 255}
Saving plots/cluster/8-4.png
Graph idx: 
{256, 260, 261, 134, 6, 9, 14, 18, 20, 149, 23, 24, 151, 33, 161, 34, 36, 164, 165, 37, 171, 48, 181, 183, 184, 186, 187, 59, 191, 192, 66, 67, 198, 71, 72, 74, 209, 81, 211, 213, 214, 89, 97, 225, 227, 228, 102, 230, 231, 123, 110, 239, 241, 243, 244, 251, 125, 127}
Saving plots/cluster/8-5.png
Graph idx: 
{0, 266, 236, 237, 206, 207, 177, 146, 147, 116, 117, 86, 87, 56, 57, 27}
Saving plots/cluster/8-6.png
Graph idx: 
{1, 4, 10, 11, 141, 142, 17, 147, 25, 156, 163, 35, 166, 45, 47, 177, 50, 51, 58, 188, 64, 67, 197, 74, 75, 202, 206, 207, 82, 87, 96, 224, 97, 99, 227, 225, 102, 103, 231, 234, 109, 113, 119, 250, 127}
Saving plots/cluster/9-0.png
Graph idx: 
{0, 1, 10, 12, 13, 15, 18, 19, 21, 22, 23, 25, 26, 27, 28, 29, 31, 33, 35, 36, 38, 39, 40, 41, 43, 45, 46, 48, 49, 51, 52, 53, 54, 55, 56, 57, 64, 68, 69, 70, 73, 75, 76, 78, 79, 80, 81, 82, 83, 84, 85, 86, 87, 88, 93, 96, 97, 98, 99, 100, 103, 107, 109, 112, 113, 114, 115, 116, 117, 118, 123, 124, 125, 126, 128, 129, 130, 133, 135, 136, 138, 139, 140, 141, 142, 143, 144, 145, 146, 147, 148, 149, 155, 158, 159, 160, 162, 163, 165, 166, 167, 168, 169, 171, 172, 173, 174, 175, 176, 177, 178, 179, 181, 184, 187, 188, 189, 190, 191, 193, 195, 196, 198, 199, 201, 202, 203, 205, 206, 207, 208, 211, 213, 214, 215, 218, 219, 220, 222, 223, 225, 227, 229, 230, 231, 232, 233, 234, 235, 236, 237, 238, 239, 243, 246, 247, 248, 249, 250, 254, 255, 256, 257, 258, 259, 260, 262, 263, 265, 266}
Saving plots/cluster/9-1.png
Graph idx: 
{0, 1, 2, 4, 6, 7, 9, 10, 11, 12, 14, 15, 16, 17, 18, 20, 21, 22, 23, 24, 25, 27, 28, 31, 33, 34, 35, 36, 37, 38, 39, 40, 41, 43, 47, 48, 52, 55, 56, 57, 58, 59, 61, 66, 67, 68, 69, 70, 71, 72, 73, 74, 76, 77, 78, 79, 81, 82, 85, 87, 88, 89, 93, 97, 98, 100, 102, 103, 104, 105, 107, 108, 109, 110, 111, 112, 113, 115, 118, 123, 124, 125, 127, 128, 131, 133, 134, 135, 136, 137, 140, 141, 144, 145, 146, 148, 149, 151, 154, 156, 158, 161, 162, 163, 164, 165, 167, 168, 169, 170, 171, 172, 173, 174, 175, 176, 177, 179, 181, 183, 184, 186, 187, 189, 191, 192, 193, 194, 195, 197, 198, 199, 200, 202, 203, 206, 207, 208, 209, 211, 213, 214, 216, 218, 219, 222, 225, 227, 228, 229, 230, 231, 233, 234, 235, 236, 238, 239, 241, 243, 244, 246, 248, 251, 253, 254, 256, 258, 259, 260, 261, 262, 264}
Saving plots/cluster/9-2.png
Graph idx: 
{1, 6, 12, 13, 16, 19, 22, 25, 27, 33, 38, 45, 46, 48, 49, 50, 54, 56, 57, 66, 73, 75, 76, 77, 79, 82, 86, 87, 96, 98, 99, 101, 105, 108, 115, 117, 118, 119, 124, 128, 130, 136, 139, 143, 145, 148, 153, 158, 160, 161, 167, 169, 175, 177, 178, 185, 188, 190, 199, 201, 203, 206, 207, 208, 213, 219, 220, 223, 225, 227, 229, 232, 234, 236, 237, 239, 244, 248, 249, 250, 254, 255, 257, 258, 259, 262}
Saving plots/cluster/9-3.png
Graph idx: 
{0, 257, 131, 135, 264, 266, 142, 14, 143, 16, 19, 148, 21, 22, 23, 25, 28, 29, 31, 34, 35, 167, 39, 43, 44, 45, 46, 49, 50, 51, 52, 53, 54, 189, 190, 191, 64, 195, 196, 72, 200, 75, 76, 208, 81, 82, 211, 84, 214, 87, 119, 219, 91, 96, 99, 228, 101, 231, 232, 233, 105, 106, 104, 107, 238, 234, 103, 109, 110, 244, 116, 118, 247, 249, 123, 252, 126, 255}
Saving plots/cluster/9-4.png
Graph idx: 
{1, 4, 10, 11, 141, 142, 17, 147, 25, 156, 163, 35, 166, 45, 47, 177, 50, 51, 58, 188, 64, 67, 197, 74, 75, 202, 206, 207, 82, 87, 96, 224, 97, 99, 227, 225, 102, 103, 231, 234, 109, 113, 119, 250, 127}
Saving plots/cluster/10-0.png
Graph idx: 
{0, 1, 2, 4, 6, 7, 9, 10, 11, 12, 13, 14, 15, 16, 18, 19, 20, 21, 22, 23, 24, 25, 26, 27, 28, 29, 31, 33, 34, 35, 36, 37, 38, 39, 40, 41, 43, 45, 46, 47, 48, 49, 51, 52, 53, 54, 55, 56, 57, 58, 59, 64, 66, 67, 68, 69, 70, 71, 72, 73, 74, 75, 76, 77, 78, 79, 80, 81, 82, 83, 84, 85, 86, 87, 88, 89, 93, 96, 97, 98, 99, 100, 102, 103, 105, 107, 109, 110, 111, 112, 113, 114, 115, 116, 117, 118, 123, 124, 125, 126, 127, 128, 129, 130, 133, 134, 135, 136, 138, 139, 140, 141, 142, 143, 144, 145, 146, 147, 148, 149, 151, 154, 155, 156, 158, 159, 160, 161, 162, 163, 164, 165, 166, 167, 168, 169, 170, 171, 172, 173, 174, 175, 176, 177, 178, 179, 181, 183, 184, 186, 187, 188, 189, 190, 191, 192, 193, 194, 195, 196, 197, 198, 199, 200, 201, 202, 203, 205, 206, 207, 208, 209, 211, 213, 214, 215, 216, 218, 219, 220, 222, 223, 225, 227, 228, 229, 230, 231, 232, 233, 234, 235, 236, 237, 238, 239, 241, 243, 244, 246, 247, 248, 249, 250, 251, 253, 254, 255, 256, 257, 258, 259, 260, 261, 262, 263, 264, 265, 266}
Saving plots/cluster/10-1.png
Graph idx: 
{1, 6, 12, 13, 16, 19, 22, 25, 27, 33, 38, 45, 46, 48, 49, 50, 54, 56, 57, 66, 73, 75, 76, 77, 79, 82, 86, 87, 96, 98, 99, 101, 105, 108, 115, 117, 118, 119, 124, 128, 130, 136, 139, 143, 145, 148, 153, 158, 160, 161, 167, 169, 175, 177, 178, 185, 188, 190, 199, 201, 203, 206, 207, 208, 213, 219, 220, 223, 225, 227, 229, 232, 234, 236, 237, 239, 244, 248, 249, 250, 254, 255, 257, 258, 259, 262}
Saving plots/cluster/10-2.png
Graph idx: 
{0, 257, 131, 135, 264, 266, 142, 14, 143, 16, 19, 148, 21, 22, 23, 25, 28, 29, 31, 34, 35, 167, 39, 43, 44, 45, 46, 49, 50, 51, 52, 53, 54, 189, 190, 191, 64, 195, 196, 72, 200, 75, 76, 208, 81, 82, 211, 84, 214, 87, 119, 219, 91, 96, 99, 228, 101, 231, 232, 233, 105, 106, 104, 107, 238, 234, 103, 109, 110, 244, 116, 118, 247, 249, 123, 252, 126, 255}
Saving plots/cluster/10-3.png
Graph idx: 
{258, 131, 4, 6, 137, 9, 140, 141, 14, 17, 21, 149, 23, 156, 31, 162, 164, 179, 184, 186, 187, 61, 191, 192, 67, 195, 197, 200, 74, 211, 213, 214, 216, 93, 222, 97, 228, 102, 104, 105, 108, 251, 239, 241, 243, 244, 246, 123, 124, 254, 127}
Saving plots/cluster/10-4.png
Graph idx: 
{1, 11, 142, 147, 25, 156, 163, 166, 45, 47, 177, 50, 58, 188, 197, 202, 75, 206, 207, 82, 87, 96, 225, 99, 227, 103, 234, 109, 113, 250}
Saving plots/cluster/10-5.png
Graph idx: 
{224, 97, 64, 35, 4, 67, 102, 231, 74, 10, 141, 17, 51, 119, 127}
Saving plots/cluster/11-0.png
Graph idx: 
{0, 1, 2, 4, 7, 10, 11, 12, 13, 14, 15, 16, 18, 19, 22, 23, 24, 25, 26, 27, 28, 29, 31, 34, 35, 37, 38, 39, 40, 41, 43, 45, 46, 49, 51, 52, 53, 54, 55, 56, 57, 58, 59, 64, 67, 68, 69, 70, 71, 72, 73, 74, 76, 78, 79, 81, 82, 83, 84, 85, 86, 87, 88, 89, 93, 96, 97, 98, 99, 100, 102, 103, 109, 111, 112, 113, 114, 115, 116, 117, 118, 123, 124, 125, 126, 127, 128, 129, 130, 133, 134, 136, 138, 139, 140, 141, 142, 143, 144, 145, 146, 147, 148, 149, 151, 154, 155, 158, 159, 160, 161, 162, 163, 164, 165, 166, 167, 168, 169, 171, 172, 173, 174, 175, 176, 177, 178, 179, 181, 184, 187, 188, 189, 190, 191, 192, 193, 194, 196, 198, 199, 201, 202, 203, 205, 206, 207, 208, 209, 211, 213, 214, 215, 218, 219, 220, 222, 223, 225, 229, 230, 231, 232, 233, 234, 235, 236, 237, 238, 239, 241, 243, 244, 246, 247, 248, 249, 250, 251, 253, 254, 256, 257, 258, 259, 260, 261, 262, 263, 264, 265, 266}
Saving plots/cluster/11-1.png
Graph idx: 
{256, 257, 258, 131, 260, 255, 6, 135, 4, 137, 9, 138, 140, 141, 14, 17, 18, 20, 21, 149, 23, 156, 31, 33, 162, 36, 165, 164, 167, 168, 170, 47, 48, 179, 183, 184, 186, 187, 61, 191, 192, 66, 195, 67, 197, 198, 200, 74, 75, 77, 78, 80, 211, 213, 214, 216, 93, 222, 96, 97, 225, 227, 228, 102, 230, 104, 105, 107, 123, 108, 110, 239, 241, 243, 244, 246, 126, 251, 124, 254, 127}
Saving plots/cluster/11-2.png
Graph idx: 
{1, 6, 12, 13, 16, 19, 22, 25, 27, 33, 38, 45, 46, 48, 49, 50, 54, 56, 57, 66, 73, 75, 76, 77, 79, 82, 86, 87, 96, 98, 99, 101, 105, 108, 115, 117, 118, 119, 124, 128, 130, 136, 139, 143, 145, 148, 153, 158, 160, 161, 167, 169, 175, 177, 178, 185, 188, 190, 199, 201, 203, 206, 207, 208, 213, 219, 220, 223, 225, 227, 229, 232, 234, 236, 237, 239, 244, 248, 249, 250, 254, 255, 257, 258, 259, 262}
Saving plots/cluster/11-3.png
Graph idx: 
{0, 257, 131, 135, 264, 266, 142, 14, 143, 16, 19, 148, 21, 22, 23, 25, 28, 29, 31, 34, 35, 167, 39, 43, 44, 45, 46, 49, 50, 51, 52, 53, 54, 189, 190, 191, 64, 195, 196, 72, 200, 75, 76, 208, 81, 82, 211, 84, 214, 87, 119, 219, 91, 96, 99, 228, 101, 231, 232, 233, 105, 106, 104, 107, 238, 234, 103, 109, 110, 244, 116, 118, 247, 249, 123, 252, 126, 255}
Saving plots/cluster/11-4.png
Graph idx: 
{1, 4, 10, 11, 141, 142, 17, 147, 25, 156, 163, 35, 166, 45, 47, 177, 50, 51, 58, 188, 64, 67, 197, 74, 75, 202, 206, 207, 82, 87, 96, 224, 97, 99, 227, 225, 102, 103, 231, 234, 109, 113, 119, 250, 127}
Saving plots/cluster/12-0.png
Graph idx: 
{0, 1, 2, 4, 7, 10, 11, 13, 14, 15, 18, 22, 23, 24, 25, 26, 27, 28, 29, 31, 34, 35, 37, 38, 40, 41, 45, 49, 51, 52, 53, 55, 56, 57, 59, 64, 67, 68, 70, 71, 72, 74, 78, 79, 81, 82, 85, 86, 87, 88, 89, 93, 96, 97, 98, 100, 102, 109, 111, 112, 113, 115, 116, 117, 118, 123, 124, 125, 126, 127, 128, 130, 134, 138, 139, 140, 141, 142, 143, 145, 146, 147, 148, 149, 151, 154, 155, 158, 160, 161, 162, 164, 165, 167, 168, 169, 171, 172, 173, 175, 176, 177, 178, 179, 181, 184, 187, 188, 190, 191, 192, 194, 198, 201, 202, 205, 206, 207, 208, 209, 211, 213, 214, 215, 218, 220, 222, 225, 229, 230, 231, 232, 233, 235, 236, 237, 239, 241, 243, 244, 246, 247, 248, 250, 251, 254, 256, 257, 258, 260, 261, 262, 263, 265, 266}
Saving plots/cluster/12-1.png
Graph idx: 
{4, 6, 9, 12, 14, 16, 17, 18, 19, 20, 21, 23, 31, 33, 36, 39, 43, 46, 47, 48, 54, 58, 61, 66, 67, 69, 73, 74, 76, 77, 78, 83, 84, 93, 97, 99, 102, 103, 104, 105, 107, 108, 110, 114, 123, 124, 127, 129, 131, 133, 135, 136, 137, 140, 141, 144, 149, 156, 159, 162, 163, 164, 165, 166, 167, 168, 170, 174, 179, 183, 184, 186, 187, 189, 191, 192, 193, 195, 196, 197, 198, 199, 200, 203, 211, 213, 214, 216, 219, 222, 223, 225, 227, 228, 230, 234, 238, 239, 241, 243, 244, 246, 249, 251, 253, 254, 256, 258, 259, 260, 264}
Saving plots/cluster/12-2.png
Graph idx: 
{1, 6, 12, 13, 16, 19, 22, 25, 27, 33, 38, 45, 46, 48, 49, 50, 54, 56, 57, 66, 73, 75, 76, 77, 79, 82, 86, 87, 96, 98, 99, 101, 105, 108, 115, 117, 118, 119, 124, 128, 130, 136, 139, 143, 145, 148, 153, 158, 160, 161, 167, 169, 175, 177, 178, 185, 188, 190, 199, 201, 203, 206, 207, 208, 213, 219, 220, 223, 225, 227, 229, 232, 234, 236, 237, 239, 244, 248, 249, 250, 254, 255, 257, 258, 259, 262}
Saving plots/cluster/12-3.png
Graph idx: 
{0, 257, 131, 135, 264, 266, 142, 14, 143, 16, 19, 148, 21, 22, 23, 25, 28, 29, 31, 34, 35, 167, 39, 43, 44, 45, 46, 49, 50, 51, 52, 53, 54, 189, 190, 191, 64, 195, 196, 72, 200, 75, 76, 208, 81, 82, 211, 84, 214, 87, 119, 219, 91, 96, 99, 228, 101, 231, 232, 233, 105, 106, 104, 107, 238, 234, 103, 109, 110, 244, 116, 118, 247, 249, 123, 252, 126, 255}
Saving plots/cluster/12-4.png
Graph idx: 
{1, 4, 10, 11, 141, 142, 17, 147, 25, 163, 35, 166, 177, 51, 58, 188, 64, 67, 74, 202, 206, 207, 82, 87, 224, 97, 99, 102, 103, 231, 234, 109, 113, 119, 250, 127}
Saving plots/cluster/12-5.png
Graph idx: 
{256, 257, 258, 135, 138, 21, 33, 36, 167, 168, 48, 195, 75, 78, 80, 96, 227, 107, 246, 126, 255}
Saving plots/cluster/12-6.png
Graph idx: 
{96, 225, 227, 197, 75, 45, 47, 50, 156}
Saving plots/cluster/13-0.png
Graph idx: 
{0, 1, 2, 4, 6, 7, 9, 10, 11, 12, 13, 14, 15, 16, 18, 19, 20, 21, 22, 23, 24, 25, 26, 27, 28, 29, 31, 33, 34, 35, 36, 37, 38, 39, 40, 41, 43, 45, 46, 47, 48, 49, 51, 52, 53, 54, 55, 56, 57, 58, 59, 64, 66, 67, 68, 69, 70, 71, 72, 73, 74, 76, 77, 78, 79, 81, 82, 83, 84, 85, 86, 87, 88, 89, 93, 96, 97, 98, 99, 100, 102, 103, 105, 107, 108, 109, 110, 111, 112, 113, 114, 115, 116, 117, 118, 123, 124, 125, 126, 127, 128, 129, 130, 133, 134, 135, 136, 137, 138, 139, 140, 141, 142, 143, 144, 145, 146, 147, 148, 149, 151, 154, 155, 156, 158, 159, 160, 161, 162, 163, 164, 165, 166, 167, 168, 169, 170, 171, 172, 173, 174, 175, 176, 177, 178, 179, 181, 183, 184, 186, 187, 188, 189, 190, 191, 192, 193, 194, 195, 196, 197, 198, 199, 200, 201, 202, 203, 205, 206, 207, 208, 209, 211, 213, 214, 215, 216, 218, 219, 220, 222, 223, 225, 227, 228, 229, 230, 231, 232, 233, 234, 235, 236, 237, 238, 239, 241, 243, 244, 246, 247, 248, 249, 250, 251, 253, 254, 256, 257, 258, 259, 260, 261, 262, 263, 264, 265, 266}
Saving plots/cluster/13-1.png
Graph idx: 
{1, 6, 12, 13, 16, 19, 22, 25, 27, 33, 38, 45, 46, 48, 49, 50, 54, 56, 57, 66, 73, 75, 76, 77, 79, 82, 86, 87, 96, 98, 99, 101, 105, 108, 115, 117, 118, 119, 124, 128, 130, 136, 139, 143, 145, 148, 153, 158, 160, 161, 167, 169, 175, 177, 178, 185, 188, 190, 199, 201, 203, 206, 207, 208, 213, 219, 220, 223, 225, 227, 229, 232, 234, 236, 237, 239, 244, 248, 249, 250, 254, 255, 257, 258, 259, 262}
Saving plots/cluster/13-2.png
Graph idx: 
{0, 257, 131, 135, 264, 266, 142, 14, 143, 16, 19, 148, 21, 22, 23, 25, 28, 29, 31, 34, 35, 167, 39, 43, 44, 45, 46, 49, 50, 51, 52, 53, 54, 189, 190, 191, 64, 195, 196, 72, 200, 75, 76, 208, 81, 82, 211, 84, 214, 87, 119, 219, 91, 96, 99, 228, 101, 231, 232, 233, 105, 106, 104, 107, 238, 234, 103, 109, 110, 244, 116, 118, 247, 249, 123, 252, 126, 255}
Saving plots/cluster/13-3.png
Graph idx: 
{131, 4, 141, 14, 17, 149, 31, 162, 164, 179, 184, 187, 61, 191, 192, 67, 74, 211, 214, 222, 97, 102, 104, 239, 241, 244, 251, 124, 254, 127}
Saving plots/cluster/13-4.png
Graph idx: 
{1, 4, 10, 11, 141, 142, 17, 147, 25, 163, 35, 166, 177, 51, 58, 188, 64, 67, 74, 202, 206, 207, 82, 87, 224, 97, 99, 102, 103, 231, 234, 109, 113, 119, 250, 127}
Saving plots/cluster/13-5.png
Graph idx: 
{256, 257, 258, 135, 138, 21, 33, 36, 167, 168, 48, 195, 75, 78, 80, 96, 227, 107, 246, 126, 255}
Saving plots/cluster/13-6.png
Graph idx: 
{96, 225, 227, 197, 75, 45, 47, 50, 156}
Saving plots/cluster/14-0.png
Graph idx: 
{0, 1, 2, 4, 6, 7, 9, 10, 12, 13, 14, 15, 18, 19, 20, 21, 22, 23, 24, 25, 26, 27, 28, 29, 31, 33, 34, 35, 36, 37, 38, 39, 40, 41, 43, 46, 47, 48, 49, 51, 52, 53, 54, 55, 56, 57, 59, 64, 66, 67, 68, 69, 70, 71, 72, 73, 74, 76, 77, 78, 79, 81, 82, 83, 84, 85, 86, 87, 88, 89, 93, 97, 98, 99, 102, 103, 105, 107, 108, 109, 110, 111, 112, 113, 115, 116, 117, 118, 123, 124, 125, 127, 128, 129, 130, 133, 134, 135, 136, 137, 139, 140, 141, 142, 143, 144, 145, 146, 147, 148, 149, 151, 154, 155, 156, 158, 159, 160, 161, 162, 163, 164, 165, 166, 167, 168, 169, 170, 171, 172, 173, 174, 175, 176, 177, 178, 179, 181, 183, 184, 186, 187, 188, 189, 190, 191, 192, 193, 194, 195, 196, 197, 198, 199, 200, 201, 202, 203, 205, 206, 207, 208, 209, 211, 213, 214, 215, 216, 218, 219, 220, 222, 223, 225, 227, 228, 229, 230, 231, 232, 233, 234, 235, 236, 237, 238, 239, 241, 243, 244, 246, 247, 248, 249, 250, 251, 254, 256, 258, 259, 260, 261, 262, 263, 266}
Saving plots/cluster/14-1.png
Graph idx: 
{1, 11, 12, 16, 18, 19, 22, 23, 25, 28, 38, 39, 40, 43, 45, 46, 52, 53, 54, 55, 58, 68, 69, 70, 73, 76, 78, 79, 82, 85, 88, 93, 96, 98, 99, 100, 103, 109, 112, 113, 114, 115, 118, 123, 126, 128, 129, 130, 133, 136, 138, 139, 140, 144, 145, 148, 158, 163, 165, 167, 168, 169, 172, 173, 174, 175, 189, 193, 198, 199, 202, 203, 205, 208, 213, 218, 219, 225, 229, 230, 233, 234, 238, 243, 246, 248, 253, 256, 257, 258, 259, 260, 262, 263, 264, 265}
Saving plots/cluster/14-2.png
Graph idx: 
{0, 257, 131, 135, 264, 266, 142, 14, 143, 16, 19, 148, 21, 22, 23, 25, 28, 29, 31, 34, 35, 167, 39, 43, 44, 45, 46, 49, 50, 51, 52, 53, 54, 189, 190, 191, 64, 195, 196, 72, 200, 75, 76, 208, 81, 82, 211, 84, 214, 87, 119, 219, 91, 96, 99, 228, 101, 231, 232, 233, 105, 106, 104, 107, 238, 234, 103, 109, 110, 244, 116, 118, 247, 249, 123, 252, 126, 255}
Saving plots/cluster/14-3.png
Graph idx: 
{257, 1, 130, 4, 10, 11, 12, 141, 142, 143, 16, 17, 145, 147, 148, 19, 153, 25, 27, 33, 161, 163, 35, 166, 167, 45, 46, 175, 177, 49, 51, 185, 57, 58, 188, 64, 67, 199, 201, 74, 203, 202, 77, 206, 79, 207, 82, 213, 87, 223, 224, 97, 98, 227, 99, 101, 102, 103, 231, 105, 234, 108, 109, 127, 239, 113, 244, 119, 250, 124, 254, 255}
Saving plots/cluster/14-4.png
Graph idx: 
{128, 1, 258, 259, 262, 6, 136, 139, 13, 16, 145, 19, 148, 22, 25, 158, 160, 38, 169, 175, 48, 177, 178, 50, 54, 56, 57, 188, 190, 66, 199, 73, 75, 76, 206, 207, 208, 82, 86, 87, 219, 220, 96, 225, 229, 232, 234, 236, 237, 115, 117, 118, 248, 249, 250}
Saving plots/cluster/14-5.png
Graph idx: 
{131, 4, 141, 14, 17, 149, 31, 162, 164, 179, 184, 187, 61, 191, 192, 67, 74, 211, 214, 222, 97, 102, 104, 239, 241, 244, 251, 124, 254, 127}
Saving plots/cluster/14-6.png
Graph idx: 
{256, 257, 258, 135, 138, 21, 33, 36, 167, 168, 48, 195, 75, 78, 80, 96, 227, 107, 246, 126, 255}
Saving plots/cluster/14-7.png
Graph idx: 
{96, 225, 227, 197, 75, 45, 47, 50, 156}
Saving plots/cluster/15-0.png
Graph idx: 
{0, 1, 2, 4, 6, 7, 9, 10, 13, 14, 15, 17, 18, 20, 21, 22, 23, 24, 25, 26, 27, 28, 29, 31, 33, 34, 35, 36, 37, 38, 39, 40, 41, 43, 47, 48, 49, 51, 52, 53, 55, 56, 57, 59, 61, 64, 66, 67, 68, 69, 70, 71, 72, 74, 77, 78, 79, 81, 82, 83, 84, 85, 86, 87, 88, 89, 93, 97, 98, 99, 102, 104, 105, 107, 108, 109, 110, 111, 112, 113, 115, 116, 117, 118, 123, 124, 125, 127, 128, 129, 130, 131, 134, 135, 137, 139, 140, 141, 142, 143, 144, 145, 146, 147, 148, 149, 151, 154, 155, 156, 158, 160, 161, 162, 164, 165, 166, 167, 168, 169, 170, 171, 172, 173, 175, 176, 177, 178, 179, 181, 183, 184, 186, 187, 188, 190, 191, 192, 193, 194, 195, 197, 198, 200, 201, 202, 203, 205, 206, 207, 208, 209, 211, 213, 214, 215, 216, 218, 220, 222, 223, 225, 227, 228, 229, 230, 231, 232, 233, 235, 236, 237, 238, 239, 241, 243, 244, 246, 247, 248, 249, 250, 251, 254, 256, 258, 260, 261, 262, 263, 266}
Saving plots/cluster/15-1.png
Graph idx: 
{1, 11, 12, 16, 18, 19, 21, 22, 23, 25, 28, 33, 36, 38, 39, 40, 43, 45, 46, 48, 52, 53, 54, 55, 58, 68, 69, 70, 73, 75, 76, 78, 79, 80, 82, 83, 85, 88, 93, 96, 98, 99, 100, 103, 107, 109, 112, 113, 114, 115, 118, 123, 126, 128, 129, 130, 133, 135, 136, 138, 139, 140, 144, 145, 148, 158, 159, 163, 165, 166, 167, 168, 169, 172, 173, 174, 175, 189, 193, 195, 196, 198, 199, 202, 203, 205, 208, 213, 218, 219, 223, 225, 227, 229, 230, 233, 234, 238, 243, 246, 248, 249, 253, 255, 256, 257, 258, 259, 260, 262, 263, 264, 265}
Saving plots/cluster/15-2.png
Graph idx: 
{0, 257, 131, 135, 264, 266, 142, 14, 143, 16, 19, 148, 21, 22, 23, 25, 28, 29, 31, 34, 35, 167, 39, 43, 44, 45, 46, 49, 50, 51, 52, 53, 54, 189, 190, 191, 64, 195, 196, 72, 200, 75, 76, 208, 81, 82, 211, 84, 214, 87, 119, 219, 91, 96, 99, 228, 101, 231, 232, 233, 105, 106, 104, 107, 238, 234, 103, 109, 110, 244, 116, 118, 247, 249, 123, 252, 126, 255}
Saving plots/cluster/15-3.png
Graph idx: 
{257, 258, 1, 130, 6, 11, 12, 142, 143, 16, 145, 147, 148, 19, 153, 25, 27, 156, 33, 163, 166, 167, 45, 46, 175, 48, 177, 50, 47, 49, 57, 58, 188, 66, 197, 199, 202, 203, 75, 77, 206, 79, 207, 82, 213, 87, 223, 96, 225, 98, 227, 99, 103, 105, 234, 108, 109, 113, 250, 255}
Saving plots/cluster/15-4.png
Graph idx: 
{128, 1, 259, 262, 136, 139, 13, 16, 145, 19, 148, 22, 25, 158, 160, 38, 169, 175, 177, 178, 54, 56, 57, 188, 190, 199, 73, 76, 206, 207, 208, 82, 86, 87, 219, 220, 229, 232, 234, 236, 237, 115, 117, 118, 248, 249, 250}
Saving plots/cluster/15-5.png
Graph idx: 
{4, 10, 141, 17, 161, 35, 51, 185, 64, 67, 201, 74, 224, 97, 101, 102, 231, 239, 244, 119, 124, 254, 127}
Saving plots/cluster/16-0.png
Graph idx: 
{0, 1, 2, 4, 6, 7, 9, 10, 13, 14, 15, 17, 18, 20, 21, 22, 23, 24, 25, 26, 27, 28, 29, 31, 33, 34, 35, 36, 37, 38, 39, 40, 41, 43, 47, 48, 49, 51, 52, 53, 55, 56, 57, 59, 61, 64, 66, 67, 68, 69, 70, 71, 72, 74, 77, 78, 79, 81, 82, 83, 84, 85, 86, 87, 88, 89, 93, 97, 98, 99, 102, 104, 105, 107, 108, 109, 110, 111, 112, 113, 115, 116, 117, 118, 123, 124, 125, 127, 128, 129, 130, 131, 134, 135, 137, 139, 140, 141, 142, 143, 144, 145, 146, 147, 148, 149, 151, 154, 155, 156, 158, 160, 161, 162, 164, 165, 166, 167, 168, 169, 170, 171, 172, 173, 175, 176, 177, 178, 179, 181, 183, 184, 186, 187, 188, 190, 191, 192, 193, 194, 195, 197, 198, 200, 201, 202, 203, 205, 206, 207, 208, 209, 211, 213, 214, 215, 216, 218, 220, 222, 223, 225, 227, 228, 229, 230, 231, 232, 233, 235, 236, 237, 238, 239, 241, 243, 244, 246, 247, 248, 249, 250, 251, 254, 256, 258, 260, 261, 262, 263, 266}
Saving plots/cluster/16-1.png
Graph idx: 
{1, 11, 12, 16, 18, 19, 21, 22, 23, 25, 28, 33, 36, 38, 39, 40, 43, 45, 46, 48, 52, 53, 54, 55, 58, 68, 69, 70, 73, 75, 76, 78, 79, 80, 82, 83, 85, 88, 93, 96, 98, 99, 100, 103, 107, 109, 112, 113, 114, 115, 118, 123, 126, 128, 129, 130, 133, 135, 136, 138, 139, 140, 144, 145, 148, 158, 159, 163, 165, 166, 167, 168, 169, 172, 173, 174, 175, 189, 193, 195, 196, 198, 199, 202, 203, 205, 208, 213, 218, 219, 223, 225, 227, 229, 230, 233, 234, 238, 243, 246, 248, 249, 253, 255, 256, 257, 258, 259, 260, 262, 263, 264, 265}
Saving plots/cluster/16-2.png
Graph idx: 
{0, 4, 10, 14, 16, 17, 19, 21, 22, 23, 25, 28, 29, 31, 34, 35, 39, 43, 44, 45, 46, 49, 50, 51, 52, 53, 54, 64, 67, 72, 74, 75, 76, 81, 82, 84, 87, 91, 96, 97, 99, 101, 102, 103, 104, 105, 106, 107, 109, 110, 116, 118, 119, 123, 124, 126, 127, 131, 135, 141, 142, 143, 148, 161, 167, 185, 189, 190, 191, 195, 196, 200, 201, 208, 211, 214, 219, 224, 228, 231, 232, 233, 234, 238, 239, 244, 247, 249, 252, 254, 255, 257, 264, 266}
Saving plots/cluster/16-3.png
Graph idx: 
{257, 258, 1, 130, 6, 11, 12, 142, 143, 16, 145, 147, 148, 19, 153, 25, 27, 156, 33, 163, 166, 167, 45, 46, 175, 48, 177, 50, 47, 49, 57, 58, 188, 66, 197, 199, 202, 203, 75, 77, 206, 79, 207, 82, 213, 87, 223, 96, 225, 98, 227, 99, 103, 105, 234, 108, 109, 113, 250, 255}
Saving plots/cluster/16-4.png
Graph idx: 
{128, 1, 259, 262, 136, 139, 13, 16, 145, 19, 148, 22, 25, 158, 160, 38, 169, 175, 177, 178, 54, 56, 57, 188, 190, 199, 73, 76, 206, 207, 208, 82, 86, 87, 219, 220, 229, 232, 234, 236, 237, 115, 117, 118, 248, 249, 250}
Saving plots/cluster/17-0.png
Graph idx: 
{0, 1, 6, 9, 11, 12, 13, 16, 18, 19, 20, 21, 22, 23, 25, 26, 27, 28, 33, 36, 38, 39, 40, 43, 45, 46, 47, 48, 49, 52, 53, 54, 55, 56, 57, 58, 66, 68, 69, 70, 73, 75, 76, 77, 78, 79, 80, 82, 83, 84, 85, 86, 87, 88, 93, 96, 98, 99, 100, 103, 105, 107, 108, 109, 110, 112, 113, 114, 115, 116, 117, 118, 123, 126, 128, 129, 130, 133, 135, 136, 137, 138, 139, 140, 142, 143, 144, 145, 146, 147, 148, 156, 158, 159, 160, 163, 165, 166, 167, 168, 169, 170, 172, 173, 174, 175, 176, 177, 178, 183, 186, 188, 189, 190, 193, 195, 196, 197, 198, 199, 200, 202, 203, 205, 206, 207, 208, 213, 216, 218, 219, 220, 223, 225, 227, 228, 229, 230, 232, 233, 234, 235, 236, 237, 238, 243, 246, 248, 249, 250, 253, 255, 256, 257, 258, 259, 260, 262, 263, 264, 265, 266}
Saving plots/cluster/17-1.png
Graph idx: 
{257, 258, 1, 130, 6, 11, 12, 142, 143, 16, 145, 147, 148, 19, 153, 25, 27, 156, 33, 163, 166, 167, 45, 46, 175, 48, 177, 50, 47, 49, 57, 58, 188, 66, 197, 199, 202, 203, 75, 77, 206, 79, 207, 82, 213, 87, 223, 96, 225, 98, 227, 99, 103, 105, 234, 108, 109, 113, 250, 255}
Saving plots/cluster/17-2.png
Graph idx: 
{0, 257, 135, 264, 266, 142, 143, 16, 19, 148, 21, 22, 23, 25, 28, 167, 39, 43, 45, 46, 49, 50, 52, 53, 54, 189, 190, 195, 196, 200, 75, 76, 208, 82, 84, 87, 219, 96, 99, 228, 103, 232, 233, 105, 106, 107, 234, 238, 109, 110, 116, 118, 249, 123, 126, 255}
Saving plots/cluster/17-3.png
Graph idx: 
{128, 1, 259, 262, 136, 139, 13, 16, 145, 19, 148, 22, 25, 158, 160, 38, 169, 175, 177, 178, 54, 56, 57, 188, 190, 199, 73, 76, 206, 207, 208, 82, 86, 87, 219, 220, 229, 232, 234, 236, 237, 115, 117, 118, 248, 249, 250}
Saving plots/cluster/18-0.png
Graph idx: 
{0, 1, 6, 9, 11, 12, 13, 16, 18, 19, 20, 21, 22, 23, 25, 26, 27, 28, 33, 36, 38, 39, 40, 43, 45, 46, 47, 48, 49, 52, 53, 54, 55, 56, 57, 58, 66, 68, 69, 70, 73, 75, 76, 77, 78, 79, 80, 82, 83, 84, 85, 86, 87, 88, 93, 96, 98, 99, 100, 103, 105, 107, 108, 109, 110, 112, 113, 114, 115, 116, 117, 118, 123, 126, 128, 129, 130, 133, 135, 136, 137, 138, 139, 140, 142, 143, 144, 145, 146, 147, 148, 156, 158, 159, 160, 163, 165, 166, 167, 168, 169, 170, 172, 173, 174, 175, 176, 177, 178, 183, 186, 188, 189, 190, 193, 195, 196, 197, 198, 199, 200, 202, 203, 205, 206, 207, 208, 213, 216, 218, 219, 220, 223, 225, 227, 228, 229, 230, 232, 233, 234, 235, 236, 237, 238, 243, 246, 248, 249, 250, 253, 255, 256, 257, 258, 259, 260, 262, 263, 264, 265, 266}
Saving plots/cluster/18-1.png
Graph idx: 
{1, 6, 11, 12, 13, 16, 19, 22, 25, 27, 33, 38, 45, 46, 47, 48, 49, 50, 54, 56, 57, 58, 66, 73, 75, 76, 77, 79, 82, 86, 87, 96, 98, 99, 103, 105, 108, 109, 113, 115, 117, 118, 128, 130, 136, 139, 142, 143, 145, 147, 148, 153, 156, 158, 160, 163, 166, 167, 169, 175, 177, 178, 188, 190, 197, 199, 202, 203, 206, 207, 208, 213, 219, 220, 223, 225, 227, 229, 232, 234, 236, 237, 248, 249, 250, 255, 257, 258, 259, 262}
Saving plots/cluster/18-2.png
Graph idx: 
{0, 257, 135, 264, 266, 142, 143, 16, 19, 148, 21, 22, 23, 25, 28, 167, 39, 43, 45, 46, 49, 50, 52, 53, 54, 189, 190, 195, 196, 200, 75, 76, 208, 82, 84, 87, 219, 96, 99, 228, 103, 232, 233, 105, 106, 107, 234, 238, 109, 110, 116, 118, 249, 123, 126, 255}
Saving plots/cluster/19-0.png
Graph idx: 
{0, 1, 6, 9, 11, 12, 13, 16, 18, 19, 20, 21, 22, 23, 25, 26, 27, 28, 33, 36, 38, 39, 40, 43, 45, 46, 47, 48, 49, 52, 53, 54, 55, 56, 57, 58, 66, 68, 69, 70, 73, 75, 76, 77, 78, 79, 80, 82, 83, 84, 85, 86, 87, 88, 93, 96, 98, 99, 100, 103, 105, 107, 108, 109, 110, 112, 113, 114, 115, 116, 117, 118, 123, 126, 128, 129, 130, 133, 135, 136, 137, 138, 139, 140, 142, 143, 144, 145, 146, 147, 148, 156, 158, 159, 160, 163, 165, 166, 167, 168, 169, 170, 172, 173, 174, 175, 176, 177, 178, 183, 186, 188, 189, 190, 193, 195, 196, 197, 198, 199, 200, 202, 203, 205, 206, 207, 208, 213, 216, 218, 219, 220, 223, 225, 227, 228, 229, 230, 232, 233, 234, 235, 236, 237, 238, 243, 246, 248, 249, 250, 253, 255, 256, 257, 258, 259, 260, 262, 263, 264, 265, 266}
Saving plots/cluster/19-1.png
Graph idx: 
{128, 1, 130, 259, 262, 136, 11, 12, 13, 139, 142, 16, 145, 143, 19, 148, 147, 22, 25, 27, 158, 160, 163, 38, 166, 169, 46, 175, 177, 49, 178, 54, 56, 57, 58, 188, 190, 199, 73, 202, 203, 76, 206, 207, 208, 79, 82, 86, 87, 219, 220, 223, 98, 99, 229, 103, 232, 234, 236, 109, 237, 113, 115, 117, 118, 248, 249, 250}
Saving plots/cluster/19-2.png
Graph idx: 
{0, 257, 135, 264, 266, 142, 143, 16, 19, 148, 21, 22, 23, 25, 28, 167, 39, 43, 45, 46, 49, 50, 52, 53, 54, 189, 190, 195, 196, 200, 75, 76, 208, 82, 84, 87, 219, 96, 99, 228, 103, 232, 233, 105, 106, 107, 234, 238, 109, 110, 116, 118, 249, 123, 126, 255}
Saving plots/cluster/19-3.png
Graph idx: 
{257, 258, 6, 153, 156, 33, 167, 45, 47, 48, 50, 66, 197, 75, 77, 213, 96, 225, 227, 105, 108, 255}
Saving plots/cluster/20-0.png
Graph idx: 
{0, 1, 6, 9, 11, 12, 13, 16, 18, 19, 20, 21, 22, 23, 25, 26, 27, 28, 33, 36, 38, 39, 40, 43, 45, 46, 47, 48, 49, 52, 53, 54, 55, 56, 57, 58, 66, 68, 69, 70, 73, 75, 76, 77, 78, 79, 80, 82, 83, 84, 85, 86, 87, 88, 93, 96, 98, 99, 100, 103, 105, 107, 108, 109, 110, 112, 113, 114, 115, 116, 117, 118, 123, 126, 128, 129, 130, 133, 135, 136, 137, 138, 139, 140, 142, 143, 144, 145, 146, 147, 148, 156, 158, 159, 160, 163, 165, 166, 167, 168, 169, 170, 172, 173, 174, 175, 176, 177, 178, 183, 186, 188, 189, 190, 193, 195, 196, 197, 198, 199, 200, 202, 203, 205, 206, 207, 208, 213, 216, 218, 219, 220, 223, 225, 227, 228, 229, 230, 232, 233, 234, 235, 236, 237, 238, 243, 246, 248, 249, 250, 253, 255, 256, 257, 258, 259, 260, 262, 263, 264, 265, 266}
Saving plots/cluster/20-1.png
Graph idx: 
{128, 1, 130, 259, 262, 136, 11, 12, 13, 139, 142, 16, 145, 143, 19, 148, 147, 22, 25, 27, 158, 160, 163, 38, 166, 169, 46, 175, 177, 49, 178, 54, 56, 57, 58, 188, 190, 199, 73, 202, 203, 76, 206, 207, 208, 79, 82, 86, 87, 219, 220, 223, 98, 99, 229, 103, 232, 234, 236, 109, 237, 113, 115, 117, 118, 248, 249, 250}
Saving plots/cluster/20-2.png
Graph idx: 
{0, 257, 258, 6, 135, 264, 266, 142, 143, 16, 19, 148, 21, 22, 23, 25, 153, 28, 156, 33, 167, 39, 43, 45, 46, 47, 48, 49, 50, 52, 53, 54, 189, 190, 66, 195, 196, 197, 200, 75, 76, 77, 208, 82, 84, 213, 87, 219, 96, 225, 227, 228, 99, 103, 232, 233, 105, 106, 107, 234, 238, 108, 109, 110, 116, 118, 249, 123, 126, 255}
