Using dataset aids
Downloading https://www.chrsmrrs.com/graphkerneldatasets/AIDS.zip
Extracting /tmp/AIDS/AIDS/AIDS.zip
Processing...
Done!
2000 graphs
search strategy: greedy
Rank Method: counts
seeds come from 724 distinct graphs
seeds come from 719 distinct graphs
seeds come from 719 distinct graphs
seeds come from 717 distinct graphs
seeds come from 715 distinct graphs
seeds come from 712 distinct graphs
seeds come from 704 distinct graphs
seeds come from 694 distinct graphs
seeds come from 659 distinct graphs
seeds come from 601 distinct graphs
seeds come from 508 distinct graphs
seeds come from 366 distinct graphs
seeds come from 255 distinct graphs
seeds come from 254 distinct graphs
seeds come from 253 distinct graphs
seeds come from 252 distinct graphs
seeds come from 250 distinct graphs
seeds come from 247 distinct graphs
seeds come from 246 distinct graphs
seeds come from 239 distinct graphs
Saving analysis info in results/analyze.p
Saving analysis plot in results/analyze.png
896.3521299362183 TOTAL TIME
14 mins 56 secs
Saving plots/cluster/5-0.png
Graph idx: 
{512, 517, 1541, 8, 527, 1040, 529, 1041, 1555, 1556, 1553, 1046, 26, 1563, 1568, 548, 555, 43, 560, 1584, 54, 1079, 1592, 1595, 572, 571, 1601, 1602, 1090, 72, 73, 587, 1615, 595, 601, 1626, 603, 1116, 1119, 1120, 610, 1634, 100, 611, 1130, 624, 113, 1652, 1654, 1655, 1656, 1657, 633, 1148, 125, 126, 1662, 1661, 1156, 1672, 1160, 1674, 1164, 141, 142, 1677, 1680, 1169, 150, 1176, 1177, 1688, 1181, 1696, 162, 1698, 1190, 678, 1194, 684, 685, 1198, 174, 688, 1714, 1715, 695, 1720, 1721, 698, 183, 184, 188, 1729, 194, 708, 197, 1735, 1224, 1740, 719, 1744, 1231, 208, 723, 1746, 720, 1750, 215, 731, 220, 732, 1757, 1244, 1250, 227, 230, 1256, 1770, 1260, 236, 1773, 751, 1264, 239, 1779, 1268, 245, 246, 760, 1792, 1796, 1285, 772, 263, 268, 1297, 787, 788, 800, 290, 1827, 1317, 1832, 811, 812, 814, 303, 819, 309, 310, 830, 1345, 1860, 1863, 330, 333, 1357, 1870, 848, 1361, 850, 851, 336, 853, 1366, 1369, 859, 1884, 1377, 866, 1378, 355, 357, 1382, 871, 873, 1385, 363, 876, 364, 1902, 1905, 372, 888, 1912, 891, 382, 383, 1408, 897, 1922, 1411, 1413, 901, 390, 1416, 393, 394, 1421, 1422, 404, 1940, 1942, 406, 1948, 1437, 924, 1951, 932, 421, 1958, 422, 1453, 429, 944, 1969, 1457, 947, 1972, 1465, 442, 443, 1466, 963, 453, 967, 1481, 1995, 1997, 1998, 975, 465, 983, 472, 1501, 486, 1000, 1001, 1003, 497, 1009, 1010, 1524, 1015, 1527, 1016}
Saving plots/cluster/5-1.png
Graph idx: 
{1541, 6, 1032, 520, 521, 1554, 1559, 1048, 537, 1049, 1563, 536, 29, 1055, 32, 544, 1059, 1572, 1576, 42, 1585, 1082, 571, 1596, 1607, 1097, 1611, 1099, 589, 590, 591, 1615, 1613, 1106, 1109, 599, 1115, 1116, 95, 97, 611, 614, 615, 1642, 619, 107, 1135, 113, 625, 1652, 118, 1655, 631, 121, 1144, 120, 636, 1149, 123, 639, 1161, 650, 1166, 1167, 655, 1680, 1684, 661, 662, 151, 1175, 1178, 1692, 1183, 1698, 1187, 165, 1189, 167, 1194, 684, 695, 184, 1722, 193, 707, 198, 1224, 713, 1226, 1740, 1232, 1238, 1239, 731, 1244, 220, 221, 1762, 230, 236, 1772, 1782, 1783, 1784, 1270, 1275, 763, 254, 1792, 1795, 259, 1796, 266, 779, 1810, 1811, 786, 1813, 1814, 1303, 1816, 1304, 1306, 1820, 287, 1825, 1314, 804, 1837, 303, 815, 305, 1842, 1333, 1335, 824, 1849, 830, 320, 1345, 322, 837, 1863, 1865, 1354, 339, 853, 343, 1880, 1369, 1373, 862, 1885, 1375, 1376, 866, 863, 1893, 362, 876, 1901, 884, 1911, 1912, 1914, 891, 1921, 386, 387, 1416, 904, 1928, 1421, 398, 1936, 1424, 1942, 406, 410, 412, 925, 1951, 417, 932, 1957, 1958, 1959, 936, 939, 1452, 941, 431, 1457, 1458, 945, 1972, 952, 1465, 1468, 1984, 449, 1476, 453, 1991, 455, 457, 1479, 1997, 465, 1493, 982, 469, 995, 485, 998, 999, 1513, 1515, 1516, 1524, 500, 1018}
Saving plots/cluster/5-2.png
Graph idx: 
{0, 3, 1028, 525, 1555, 20, 1568, 545, 1056, 1061, 551, 1069, 1070, 1584, 49, 1076, 571, 1599, 1088, 1601, 1090, 579, 1089, 578, 70, 583, 587, 1100, 1101, 78, 1616, 598, 1118, 97, 612, 1125, 1131, 619, 626, 633, 1148, 1150, 641, 643, 134, 141, 1678, 1680, 1169, 157, 1182, 671, 1189, 679, 171, 173, 1198, 688, 1714, 179, 181, 184, 188, 1213, 708, 1225, 202, 713, 205, 207, 1232, 1745, 722, 1747, 1239, 1754, 1250, 1253, 1765, 750, 751, 756, 1782, 1273, 253, 1789, 765, 256, 1281, 1285, 261, 1288, 1289, 778, 1293, 1294, 786, 276, 1813, 788, 1303, 1300, 279, 1819, 1308, 1318, 1830, 1834, 1323, 305, 819, 1332, 1334, 1846, 826, 1850, 1854, 1344, 1345, 1858, 1862, 839, 1352, 1356, 1869, 1876, 852, 1365, 1369, 346, 859, 1372, 863, 866, 1891, 870, 359, 1896, 1385, 877, 1916, 1918, 1414, 390, 1416, 395, 908, 1424, 919, 408, 416, 418, 930, 420, 1447, 425, 1967, 1970, 435, 951, 952, 443, 1988, 453, 455, 1481, 1998, 975, 462, 1492, 981, 1504, 1505, 995, 996, 1509, 1511, 1513, 499, 1526, 1531, 1532}
Saving plots/cluster/5-3.png
Graph idx: 
{516, 1542, 1544, 1034, 524, 12, 1557, 1047, 1054, 1055, 1060, 1583, 560, 562, 1076, 59, 1092, 581, 580, 583, 1606, 74, 1623, 92, 611, 100, 104, 108, 631, 633, 124, 125, 127, 131, 644, 136, 1680, 660, 1175, 663, 1179, 1697, 675, 170, 1196, 1711, 688, 694, 185, 189, 1216, 1222, 717, 1742, 1233, 1750, 1751, 216, 1239, 757, 1281, 1282, 777, 781, 795, 1823, 295, 1326, 1327, 1839, 827, 1852, 1342, 1856, 1861, 1865, 842, 1362, 338, 349, 356, 1384, 1387, 1900, 1392, 894, 398, 914, 404, 1940, 406, 410, 923, 1436, 1949, 1961, 955, 1470, 1985, 1991, 977, 1506, 484, 1008, 1009, 1522, 503, 1534}
Saving plots/cluster/5-4.png
Graph idx: 
{385, 645, 1542, 390, 1033, 13, 1167, 272, 1425, 786, 659, 545, 424, 1832, 1325, 429, 941, 1070, 1586, 311, 184, 1594, 189, 1342, 1984, 76, 972, 334, 207, 1488, 1748, 1236, 1370, 1371, 731, 1244, 740, 869, 1893, 875, 1521, 630, 1398, 1531, 1149, 894}
Saving plots/cluster/5-5.png
Graph idx: 
{1536, 771, 391, 10, 1171, 282, 545, 290, 1319, 305, 178, 1969, 309, 951, 63, 1860, 325, 1222, 841, 329, 1615, 1236, 1878, 1238, 737, 1123, 1513, 876, 112, 1522, 1652, 1399, 889}
Saving plots/cluster/5-6.png
Graph idx: 
{1632, 1828, 1989, 133, 1502, 548, 426, 1164, 909, 1932, 1074, 1844, 276, 1815, 923, 412, 669, 1662}
Saving plots/cluster/5-7.png
Graph idx: 
{1127, 233, 1545, 939, 1484, 1683, 884, 1557, 1142, 1276, 1785, 1819, 1692}
Saving plots/cluster/5-8.png
Graph idx: 
{1189, 166, 330, 1132, 176, 1299, 1146, 1563}
Saving plots/cluster/5-9.png
Graph idx: 
{1477, 1774, 882, 787, 986}
Saving plots/cluster/6-0.png
Graph idx: 
{517, 8, 527, 529, 1041, 1555, 1556, 1553, 1568, 43, 1584, 54, 1592, 572, 1090, 73, 1626, 603, 1116, 1119, 610, 624, 1652, 633, 1661, 126, 1156, 1672, 1160, 1674, 1164, 141, 1677, 1680, 150, 1176, 1688, 1696, 162, 1194, 1198, 174, 688, 1714, 1715, 695, 1720, 1721, 188, 194, 1735, 1231, 1744, 1746, 1750, 731, 220, 1250, 227, 1256, 1770, 1260, 236, 239, 245, 246, 760, 1792, 1796, 1285, 772, 268, 787, 788, 800, 1827, 1832, 811, 812, 814, 310, 830, 1863, 330, 1357, 1870, 848, 336, 850, 851, 853, 1366, 1369, 859, 1884, 1378, 355, 357, 873, 1385, 363, 1902, 1905, 888, 383, 1408, 897, 1411, 901, 1416, 393, 394, 1421, 1422, 404, 406, 1948, 924, 932, 421, 1958, 429, 944, 1969, 947, 1972, 1465, 442, 453, 1995, 465, 472, 486, 1000, 1001, 497, 1009, 1524, 1527}
Saving plots/cluster/6-1.png
Graph idx: 
{0, 1541, 517, 1040, 1555, 20, 1568, 545, 548, 1061, 551, 555, 1584, 49, 571, 1595, 1601, 1090, 70, 583, 1100, 1616, 598, 601, 1118, 1634, 1131, 619, 626, 1656, 633, 641, 643, 134, 1169, 671, 679, 171, 684, 685, 688, 179, 184, 698, 188, 708, 1225, 205, 207, 208, 1745, 722, 1232, 1239, 1250, 1253, 1773, 751, 1779, 1782, 253, 1789, 256, 778, 1293, 1294, 276, 1819, 1308, 1318, 1830, 1323, 819, 1332, 1334, 1850, 1854, 1344, 1345, 1858, 839, 1352, 1356, 1869, 1876, 852, 1365, 1369, 346, 859, 1372, 863, 866, 1891, 359, 364, 1916, 1918, 382, 390, 408, 418, 1447, 425, 1453, 1967, 1457, 1970, 951, 952, 443, 1988, 453, 1481, 1997, 1998, 975, 981, 995, 996, 1511, 1513, 499}
Saving plots/cluster/6-2.png
Graph idx: 
{6, 1032, 1559, 1048, 537, 1049, 1563, 29, 1059, 1572, 42, 1082, 571, 1596, 1099, 1613, 599, 1115, 1116, 95, 611, 1642, 107, 625, 1652, 631, 1144, 123, 1149, 639, 650, 1166, 1167, 655, 1680, 661, 151, 1181, 1183, 1698, 165, 678, 167, 1194, 695, 184, 193, 707, 198, 1224, 713, 1238, 731, 220, 1782, 1275, 763, 254, 1795, 259, 266, 779, 268, 1810, 786, 1816, 1314, 303, 1842, 1335, 824, 830, 1345, 322, 1865, 1880, 1373, 862, 866, 362, 876, 884, 1914, 891, 1421, 398, 406, 410, 925, 1951, 932, 1958, 936, 1452, 431, 1457, 1458, 1468, 1984, 449, 1476, 453, 1991, 1479, 457, 1997, 1493, 469, 982, 999, 1513, 1524, 500, 1018}
Saving plots/cluster/6-3.png
Graph idx: 
{1541, 1554, 536, 1563, 1055, 32, 544, 1585, 562, 1607, 1611, 589, 590, 591, 1615, 1106, 1109, 97, 611, 1135, 113, 1652, 118, 631, 120, 636, 1149, 1166, 1684, 1175, 1178, 1692, 1189, 684, 1722, 1740, 1232, 1233, 1239, 216, 1244, 220, 1762, 230, 236, 1270, 1783, 1784, 1792, 1796, 1814, 1303, 1306, 1820, 287, 1825, 804, 1837, 1327, 815, 305, 1333, 827, 320, 1345, 1863, 339, 853, 343, 1369, 1885, 1375, 863, 876, 1901, 1911, 1912, 891, 1921, 1936, 1424, 914, 1942, 412, 417, 1957, 1958, 1959, 1961, 941, 945, 1972, 952, 1465, 465, 1493, 982, 995, 485, 998, 1513, 1516}
Saving plots/cluster/6-4.png
Graph idx: 
{512, 524, 12, 1555, 26, 1054, 1060, 1583, 560, 1076, 59, 1092, 580, 1606, 74, 1623, 603, 92, 611, 100, 104, 108, 113, 1654, 631, 633, 1148, 124, 125, 127, 131, 136, 142, 1680, 660, 1175, 663, 1697, 675, 688, 694, 184, 185, 1729, 197, 1740, 717, 1750, 1751, 1239, 1244, 1757, 230, 1264, 1282, 1796, 777, 781, 795, 1823, 1326, 303, 819, 1852, 1856, 1345, 1861, 1865, 1361, 338, 349, 1384, 876, 894, 1413, 390, 398, 404, 1940, 406, 410, 923, 1437, 1949, 1951, 1470, 1985, 1991, 1481, 977, 1506, 484, 1001, 1003, 1009, 503, 1534}
Saving plots/cluster/6-5.png
Graph idx: 
{1922, 263, 1169, 1297, 1940, 1912, 1942, 1046, 1177, 1563, 290, 1317, 1190, 422, 1714, 309, 183, 1079, 1466, 443, 1601, 1602, 963, 1860, 967, 72, 333, 1998, 975, 1615, 720, 595, 983, 1369, 732, 1501, 611, 100, 1382, 871, 1130, 1770, 751, 1264, 1010, 1268, 372, 1015, 1016, 1657, 891, 125}
Saving plots/cluster/6-6.png
Graph idx: 
{1281, 3, 644, 261, 1542, 1414, 1544, 516, 395, 141, 1294, 1557, 919, 1047, 1436, 1055, 1189, 1196, 173, 1198, 1711, 1070, 305, 1918, 1076, 181, 189, 1342, 1089, 581, 1862, 1492, 97, 866, 356, 612, 870, 484, 1896, 100, 1765, 1387, 1900, 1392, 1008, 1522, 1782, 1531, 1150}
Saving plots/cluster/6-7.png
Graph idx: 
{385, 386, 387, 1028, 1416, 1033, 904, 1167, 786, 659, 1303, 545, 1325, 429, 815, 941, 1070, 184, 1594, 1342, 1984, 455, 1097, 76, 1101, 78, 207, 1488, 972, 1748, 1236, 982, 731, 1244, 1504, 740, 1893, 1515, 630, 1398, 1144, 1273, 1531, 1149, 894}
Saving plots/cluster/6-8.png
Graph idx: 
{133, 520, 1161, 521, 1928, 1932, 909, 1811, 276, 1813, 662, 1304, 923, 1820, 669, 412, 1187, 1828, 1576, 426, 939, 684, 1844, 1849, 837, 1989, 1097, 1354, 1109, 221, 1502, 1632, 1376, 615, 619, 1655, 121}
Saving plots/cluster/6-9.png
Graph idx: 
{1536, 391, 1288, 10, 1171, 1182, 545, 290, 930, 1319, 1584, 305, 178, 1969, 309, 951, 1854, 63, 1860, 1222, 841, 1615, 1236, 1878, 1238, 737, 1513, 876, 112, 1522, 1652, 1399, 889}
Saving plots/cluster/7-0.png
Graph idx: 
{1792, 1796, 1783, 1166, 1784, 1554, 660, 1942, 1303, 1814, 536, 1306, 795, 412, 1692, 1820, 1055, 32, 287, 1178, 1563, 804, 1957, 1958, 1959, 1189, 1825, 1837, 941, 815, 305, 1585, 945, 1972, 1333, 952, 1465, 1722, 320, 1345, 1863, 1607, 1611, 1740, 589, 590, 591, 1232, 465, 1615, 339, 120, 853, 982, 1239, 343, 1493, 1369, 1109, 1244, 1885, 220, 1375, 863, 97, 1762, 995, 611, 485, 230, 1513, 876, 1901, 236, 1516, 113, 1652, 118, 1911, 1912, 1270, 891, 124, 1149}
Saving plots/cluster/7-1.png
Graph idx: 
{1408, 1792, 517, 1285, 8, 1416, 394, 1674, 1164, 141, 1421, 527, 1680, 529, 1041, 1555, 1677, 268, 150, 1553, 406, 1688, 1948, 1568, 162, 1827, 932, 1958, 1832, 43, 429, 814, 174, 1584, 1969, 947, 1715, 1972, 695, 1592, 1465, 442, 1721, 188, 830, 73, 330, 1357, 848, 465, 1744, 850, 851, 336, 1750, 1366, 472, 1369, 1626, 603, 220, 859, 1884, 1119, 1116, 731, 227, 357, 486, 873, 1001, 363, 1902, 239, 760, 1009, 1905, 624, 1524, 245, 1527, 888, 633, 1661}
Saving plots/cluster/7-2.png
Graph idx: 
{1795, 6, 1032, 266, 779, 650, 398, 1167, 655, 1680, 786, 406, 151, 1816, 537, 1049, 1048, 1563, 410, 1951, 1183, 1314, 1059, 1698, 932, 1958, 167, 1194, 42, 1452, 431, 303, 1458, 1335, 184, 824, 1082, 571, 1596, 830, 1984, 193, 449, 1345, 1991, 1224, 1865, 457, 1479, 1493, 982, 599, 1880, 731, 1115, 1373, 220, 95, 1116, 866, 611, 999, 1513, 107, 625, 1524, 500, 1782, 1652, 1144, 1018, 891, 1149, 254, 639}
Saving plots/cluster/7-3.png
Graph idx: 
{0, 641, 256, 1541, 778, 1294, 1680, 1555, 276, 20, 408, 1819, 671, 1568, 545, 418, 421, 1318, 1447, 679, 1830, 171, 1323, 49, 1970, 819, 179, 1332, 1334, 184, 952, 1850, 571, 188, 443, 1601, 1090, 1345, 1858, 1988, 70, 583, 1352, 1481, 839, 1356, 1998, 975, 1616, 1745, 722, 207, 1876, 981, 852, 1239, 346, 859, 1372, 863, 1250, 995, 996, 1253, 1511, 1770, 1131, 619, 751, 626, 1652, 1656, 633}
Saving plots/cluster/7-4.png
Graph idx: 
{897, 1282, 1411, 901, 524, 12, 1680, 894, 788, 1175, 663, 410, 923, 1949, 1823, 1696, 1697, 675, 1194, 1326, 560, 688, 1720, 1852, 1470, 1092, 1861, 1606, 1735, 1865, 1870, 977, 338, 1750, 1751, 1244, 1757, 355, 1000, 1001, 1384, 108, 1009, 246, 503, 633, 125, 1534, 383}
Saving plots/cluster/7-5.png
Graph idx: 
{382, 643, 1285, 134, 517, 1416, 1424, 786, 788, 1813, 1300, 919, 279, 157, 1056, 555, 685, 1453, 1069, 688, 1714, 1332, 1076, 826, 1595, 571, 1599, 1088, 579, 1225, 202, 1997, 1998, 1365, 1754, 1118, 866, 1513, 1773, 499, 756, 1782, 1526, 1532, 1918}
Saving plots/cluster/7-6.png
Graph idx: 
{1922, 1672, 1297, 1940, 1912, 1942, 1563, 290, 162, 1190, 1198, 1714, 54, 183, 1079, 310, 1466, 194, 963, 1860, 453, 1863, 1995, 333, 975, 1746, 595, 853, 1369, 732, 1501, 1378, 611, 1382, 871, 751, 1010, 1268, 372, 1015, 1016, 891, 125}
Saving plots/cluster/7-7.png
Graph idx: 
{1281, 3, 261, 1542, 136, 395, 398, 1555, 406, 1308, 1436, 173, 1198, 1711, 1070, 305, 1967, 1076, 181, 1089, 581, 1862, 74, 1869, 1492, 598, 1239, 97, 866, 1891, 1634, 1765, 359, 1896, 1392, 1782, 1150}
Saving plots/cluster/7-8.png
Graph idx: 
{1536, 391, 1288, 10, 1171, 1182, 545, 290, 930, 1319, 1584, 305, 178, 1969, 951, 1854, 63, 841, 1615, 1878, 737, 1513, 1522, 1652, 1399, 889}
Saving plots/cluster/7-9.png
Graph idx: 
{385, 1033, 659, 661, 545, 1572, 548, 936, 1325, 941, 1457, 1842, 184, 1342, 76, 1613, 1488, 1236, 731, 740, 123, 630, 1914, 1531, 894}
Saving plots/cluster/8-0.png
Graph idx: 
{1792, 1796, 1783, 1784, 1554, 1942, 1303, 536, 1178, 412, 1692, 1055, 32, 287, 1825, 1189, 1959, 1194, 1837, 941, 815, 305, 945, 1333, 1720, 1465, 952, 320, 1345, 1607, 1611, 1740, 591, 1615, 465, 977, 338, 1109, 982, 343, 1369, 1244, 120, 1375, 863, 97, 1762, 995, 230, 1513, 876, 1901, 236, 1516, 113, 1652, 118, 503, 1912, 1270, 1149}
Saving plots/cluster/8-1.png
Graph idx: 
{1408, 1792, 517, 1285, 8, 1416, 1674, 1164, 268, 527, 1680, 1041, 1553, 1555, 406, 1948, 1568, 162, 1827, 1958, 43, 429, 814, 1584, 1592, 830, 73, 1357, 848, 465, 1744, 850, 851, 472, 1626, 859, 603, 220, 1116, 731, 227, 873, 1001, 363, 1902, 624, 1009, 1524, 245, 1527, 888, 633}
Saving plots/cluster/8-2.png
Graph idx: 
{1541, 1294, 20, 408, 1819, 545, 679, 171, 1323, 1970, 179, 1332, 1334, 184, 1721, 1850, 443, 571, 188, 952, 1345, 1090, 1858, 583, 1352, 1481, 839, 1356, 1998, 975, 1616, 207, 1876, 852, 1239, 346, 859, 1372, 863, 995, 1511, 619, 239, 626}
Saving plots/cluster/8-3.png
Graph idx: 
{6, 650, 779, 655, 1816, 1048, 1951, 1698, 1958, 167, 1194, 42, 947, 1335, 184, 1082, 1596, 830, 1984, 193, 449, 1345, 1479, 1224, 1865, 457, 1880, 731, 220, 1116, 1513, 1905, 1524, 500, 1144, 891, 1149, 254, 639}
Saving plots/cluster/8-4.png
Graph idx: 
{1282, 12, 1680, 894, 788, 1175, 663, 1688, 410, 923, 1949, 1696, 1697, 675, 560, 688, 1465, 1861, 1870, 1750, 1751, 1244, 355, 1001, 108, 633, 1534}
Saving plots/cluster/8-5.png
Graph idx: 
{1795, 1032, 266, 398, 1167, 1680, 786, 406, 537, 410, 1563, 1314, 1059, 932, 1958, 431, 824, 571, 1991, 982, 599, 95, 866, 611, 999, 625, 1782, 1018}
Saving plots/cluster/8-6.png
Graph idx: 
{520, 268, 1811, 1813, 662, 1304, 1820, 1181, 1698, 1187, 678, 1576, 939, 1849, 1468, 322, 837, 1224, 1097, 1109, 1238, 221, 1376, 619}
Saving plots/cluster/8-7.png
Graph idx: 
{1250, 891, 708, 453, 1318, 1061, 1131, 364, 1680, 1169, 1745, 819, 1555, 49, 1782, 1779, 698, 443, 253, 671}
Saving plots/cluster/8-8.png
Graph idx: 
{0, 1089, 866, 3, 581, 421, 1862, 1896, 136, 1869, 173, 1711, 751, 305, 1076, 181, 1492, 1656, 1436, 1150}
Saving plots/cluster/8-9.png
Graph idx: 
{290, 611, 1382, 1190, 333, 1421, 1297, 1010, 595, 1715, 125, 1942, 183, 1912, 1369, 1466, 1563, 732, 1501}
Saving plots/cluster/9-0.png
Graph idx: 
{1792, 1554, 1912, 1942, 1178, 412, 1055, 32, 1825, 1837, 305, 952, 1465, 320, 1345, 1740, 1109, 982, 343, 1369, 863, 1762, 995, 230, 876, 1901, 1516, 113, 1652, 1784, 1149}
Saving plots/cluster/9-1.png
Graph idx: 
{1792, 517, 1674, 1164, 268, 1680, 1041, 1555, 406, 1568, 1827, 429, 814, 1584, 830, 1357, 848, 1744, 603, 220, 859, 1116, 731, 227, 363, 1009, 1524, 245, 1527, 633}
Saving plots/cluster/9-2.png
Graph idx: 
{1285, 1416, 545, 1958, 171, 1334, 184, 443, 1858, 839, 1352, 1998, 975, 1616, 1876, 852, 1239, 472, 863, 995, 1511, 626}
Saving plots/cluster/9-3.png
Graph idx: 
{1692, 1189, 1607, 1513, 236, 1837, 1055, 1615, 815, 120, 941, 1270, 536, 1244, 1375}
Saving plots/cluster/9-4.png
Graph idx: 
{449, 891, 1958, 1224, 1948, 1194, 650, 1116, 1880, 1524, 1048, 1082, 731, 220, 1149, 830}
Saving plots/cluster/9-5.png
Graph idx: 
{866, 1059, 1795, 932, 1958, 1032, 266, 431, 1680, 786, 406, 982, 1563, 537, 571}
Saving plots/cluster/9-6.png
Graph idx: 
{1984, 1345, 1698, 453, 1479, 457, 362, 1997, 655, 639, 631, 184, 925, 1951}
Saving plots/cluster/9-7.png
Graph idx: 
{290, 611, 1382, 1421, 1466, 1297, 1942, 1912, 1626, 1563, 732, 125}
Saving plots/cluster/9-8.png
Graph idx: 
{1088, 202, 239, 1424, 1652, 1813, 788, 919, 756, 1721, 1754, 859, 1532}
Saving plots/cluster/9-9.png
Graph idx: 
{1376, 1187, 837, 1576, 1097, 619, 939, 1811, 1813, 1109, 662, 1849, 221}
Saving plots/cluster/10-0.png
Graph idx: 
{517, 1674, 1680, 1555, 406, 1827, 429, 814, 1584, 830, 1357, 848, 1744, 859, 1116, 603, 220, 731, 227, 1009, 1524, 1527}
Saving plots/cluster/10-1.png
Graph idx: 
{1792, 995, 876, 1949, 113, 982, 1942, 863, 1369, 1178, 952, 412, 1149, 1055}
Saving plots/cluster/10-2.png
Graph idx: 
{1189, 1513, 1837, 1055, 941, 1270, 536, 1692, 1375}
Saving plots/cluster/10-3.png
Graph idx: 
{1345, 995, 1958, 230, 1740, 1837, 1652, 1493, 1109, 343, 1333, 891}
Saving plots/cluster/10-4.png
Graph idx: 
{290, 611, 1382, 1421, 1942, 1912, 1626, 1563, 732, 125}
Saving plots/cluster/10-5.png
Graph idx: 
{1568, 891, 1958, 1194, 363, 1524, 731, 220, 1149, 830}
Saving plots/cluster/10-6.png
Graph idx: 
{1059, 1795, 1958, 1032, 266, 1680, 786, 982, 537, 571}
Saving plots/cluster/10-7.png
Graph idx: 
{1088, 1958, 1416, 202, 1998, 1652, 788, 472, 1754, 1532}
Saving plots/cluster/10-8.png
Graph idx: 
{545, 839, 1352, 171, 975, 626, 1876, 852, 184, 863}
Saving plots/cluster/10-9.png
Graph idx: 
{611, 713, 398, 1167, 410, 625, 1782, 1018}
Saving plots/cluster/11-0.png
Graph idx: 
{1827, 517, 1680, 1744, 1009, 1524, 406, 1527, 731, 220}
Saving plots/cluster/11-1.png
Graph idx: 
{839, 1352, 814, 848, 1555, 184, 830, 863}
Saving plots/cluster/11-2.png
Graph idx: 
{866, 643, 1285, 1958, 1416, 1998, 472, 826}
Saving plots/cluster/11-3.png
Graph idx: 
{708, 1356, 1198, 1782, 1239}
Saving plots/cluster/11-4.png
Graph idx: 
{261, 1481, 1323, 1294, 1169, 1823}
Saving plots/cluster/11-5.png
Graph idx: 
{227, 1194, 1524, 891, 731}
Saving plots/cluster/11-6.png
Graph idx: 
{1958, 266, 1680, 982, 537, 571}
Saving plots/cluster/11-7.png
Graph idx: 
{1711, 1076, 1175, 923, 188, 1534}
Saving plots/cluster/11-8.png
Graph idx: 
{320, 305, 1784, 1465}
Saving plots/cluster/11-9.png
Graph idx: 
{876, 1149, 982, 863}
Saving plots/cluster/12-0.png
Graph idx: 
{1827, 517, 1680, 1744, 1009, 1524, 406, 1527, 220}
Saving plots/cluster/12-1.png
Graph idx: 
{891, 1194, 731, 1524}
Saving plots/cluster/12-2.png
Graph idx: 
{290, 125, 453, 1782}
Saving plots/cluster/12-3.png
Graph idx: 
{952, 995, 1942, 1055}
Saving plots/cluster/12-4.png
Graph idx: 
{1481, 1323, 261, 1294}
Saving plots/cluster/12-5.png
Graph idx: 
{472, 355, 603, 227}
Saving plots/cluster/12-6.png
Graph idx: 
{1912, 611, 1626, 1563}
Saving plots/cluster/12-7.png
Graph idx: 
{876, 1652, 63}
Saving plots/cluster/12-8.png
Graph idx: 
{1532, 788, 975}
Saving plots/cluster/12-9.png
Graph idx: 
{1816, 1865, 42}
Saving plots/cluster/13-0.png
Graph idx: 
{517, 1680, 1744, 1009, 1524, 406, 1527, 220}
Saving plots/cluster/13-1.png
Graph idx: 
{891, 1194, 731, 1524}
Saving plots/cluster/13-2.png
Graph idx: 
{1416, 290, 125, 453}
Saving plots/cluster/13-3.png
Graph idx: 
{1481, 1323, 261, 1294}
Saving plots/cluster/13-4.png
Graph idx: 
{601, 1345, 859, 863}
Saving plots/cluster/13-5.png
Graph idx: 
{1088, 866, 643}
Saving plots/cluster/13-6.png
Graph idx: 
{866, 1563, 406}
Saving plots/cluster/13-7.png
Graph idx: 
{941, 1189, 1055}
Saving plots/cluster/13-8.png
Graph idx: 
{1601, 330, 453}
Saving plots/cluster/13-9.png
Graph idx: 
{472, 826, 1958}
Saving plots/cluster/14-0.png
Graph idx: 
{517, 1680, 1744, 1009, 406, 1527, 220}
Saving plots/cluster/14-1.png
Graph idx: 
{1481, 1323, 261, 1294}
Saving plots/cluster/14-2.png
Graph idx: 
{601, 1345, 859, 863}
Saving plots/cluster/14-3.png
Graph idx: 
{1555, 1088, 866, 643}
Saving plots/cluster/14-4.png
Graph idx: 
{1009, 891, 1524}
Saving plots/cluster/14-5.png
Graph idx: 
{1827, 1149, 830}
Saving plots/cluster/14-6.png
Graph idx: 
{1601, 330, 453}
Saving plots/cluster/14-7.png
Graph idx: 
{1334, 1615}
Saving plots/cluster/14-8.png
Graph idx: 
{1912, 1626, 611}
Saving plots/cluster/14-9.png
Graph idx: 
{290, 125}
Saving plots/cluster/15-0.png
Graph idx: 
{517, 1680, 1744, 1009, 1527, 220}
Saving plots/cluster/15-1.png
Graph idx: 
{1481, 1323, 261, 1294}
Saving plots/cluster/15-2.png
Graph idx: 
{1088, 866, 1555}
Saving plots/cluster/15-3.png
Graph idx: 
{1912, 1626, 611}
Saving plots/cluster/15-4.png
Graph idx: 
{290, 125}
Saving plots/cluster/15-5.png
Graph idx: 
{1692}
Saving plots/cluster/15-6.png
Graph idx: 
{1345, 863}
Saving plots/cluster/15-7.png
Graph idx: 
{583}
Saving plots/cluster/15-8.png
Graph idx: 
{1465, 866}
Saving plots/cluster/15-9.png
Graph idx: 
{732}
Saving plots/cluster/16-0.png
Graph idx: 
{517, 1680, 1744, 1009, 1527, 220}
Saving plots/cluster/16-1.png
Graph idx: 
{1481, 1323, 1294}
Saving plots/cluster/16-2.png
Graph idx: 
{751, 1661, 1823}
Saving plots/cluster/16-3.png
Graph idx: 
{1692}
Saving plots/cluster/16-4.png
Graph idx: 
{1345, 863}
Saving plots/cluster/16-5.png
Graph idx: 
{583}
Saving plots/cluster/16-6.png
Graph idx: 
{1465, 866}
Saving plots/cluster/16-7.png
Graph idx: 
{732}
Saving plots/cluster/16-8.png
Graph idx: 
{305, 1382}
Saving plots/cluster/16-9.png
Graph idx: 
{1563, 1299}
Saving plots/cluster/17-0.png
Graph idx: 
{517, 1680, 1744, 1009, 1527, 220}
Saving plots/cluster/17-1.png
Graph idx: 
{1661, 1398, 751}
Saving plots/cluster/17-2.png
Graph idx: 
{1481, 1294}
Saving plots/cluster/17-3.png
Graph idx: 
{1692}
Saving plots/cluster/17-4.png
Graph idx: 
{1345, 863}
Saving plots/cluster/17-5.png
Graph idx: 
{583}
Saving plots/cluster/17-6.png
Graph idx: 
{732}
Saving plots/cluster/17-7.png
Graph idx: 
{305, 1382}
Saving plots/cluster/17-8.png
Graph idx: 
{1524}
Saving plots/cluster/17-9.png
Graph idx: 
{731}
Saving plots/cluster/18-0.png
Graph idx: 
{517, 1680, 1744, 1009, 1527, 220}
Saving plots/cluster/18-1.png
Graph idx: 
{1601, 330, 453}
Saving plots/cluster/18-2.png
Graph idx: 
{1692}
Saving plots/cluster/18-3.png
Graph idx: 
{1832, 919}
Saving plots/cluster/18-4.png
Graph idx: 
{583}
Saving plots/cluster/18-5.png
Graph idx: 
{732}
Saving plots/cluster/18-6.png
Graph idx: 
{305, 1382}
Saving plots/cluster/18-7.png
Graph idx: 
{1524}
Saving plots/cluster/18-8.png
Graph idx: 
{731}
Saving plots/cluster/18-9.png
Graph idx: 
{1792, 1825}
Saving plots/cluster/19-0.png
Graph idx: 
{517, 1680, 1744, 1009, 1527, 220}
Saving plots/cluster/19-1.png
Graph idx: 
{1601, 330, 453}
Saving plots/cluster/19-2.png
Graph idx: 
{1097, 383}
Saving plots/cluster/19-3.png
Graph idx: 
{1692}
Saving plots/cluster/19-4.png
Graph idx: 
{583}
Saving plots/cluster/19-5.png
Graph idx: 
{732}
Saving plots/cluster/19-6.png
Graph idx: 
{305, 1382}
Saving plots/cluster/19-7.png
Graph idx: 
{1524}
Saving plots/cluster/19-8.png
Graph idx: 
{731}
Saving plots/cluster/19-9.png
Graph idx: 
{1792, 1825}
Saving plots/cluster/20-0.png
Graph idx: 
{517, 1680, 1744, 1009, 1527, 220}
Saving plots/cluster/20-1.png
Graph idx: 
{1601, 330, 453}
Saving plots/cluster/20-2.png
Graph idx: 
{1692}
Saving plots/cluster/20-3.png
Graph idx: 
{583}
Saving plots/cluster/20-4.png
Graph idx: 
{732}
Saving plots/cluster/20-5.png
Graph idx: 
{305, 1382}
Saving plots/cluster/20-6.png
Graph idx: 
{1524}
Saving plots/cluster/20-7.png
Graph idx: 
{731}
Saving plots/cluster/20-8.png
Graph idx: 
{1792, 1825}
Saving plots/cluster/20-9.png
Graph idx: 
{848, 633}
