Time: 169.03600
(2, 3, 4, 5)
t # 17
v 0 129
v 1 108
v 2 125
v 3 108
v 4 102
v 5 108
v 6 100
v 7 149
v 8 148
v 9 106
v 10 125
v 11 129
v 12 104
v 13 116
v 14 136
e 0 1 119
e 0 2 126
e 1 3 128
e 1 8 123
e 1 11 111
e 2 4 147
e 2 9 125
e 4 5 147
e 4 6 136
e 4 7 115
e 5 10 104
e 6 11 131
e 6 12 108
e 7 13 117
e 7 14 138
e 7 10 118
e 8 11 141
e 10 12 125
(0, 1, 6, 7)
t # 0
v 0 145
v 1 137
v 2 131
v 3 146
v 4 100
v 5 104
v 6 115
v 7 139
v 8 120
v 9 144
v 10 130
v 11 100
v 12 100
v 13 111
v 14 111
v 15 145
e 0 1 100
e 0 2 129
e 0 3 107
e 0 4 130
e 2 5 130
e 2 9 119
e 2 3 117
e 3 6 110
e 3 7 136
e 5 7 145
e 6 8 125
e 8 10 116
e 8 11 127
e 9 12 141
e 10 13 123
e 12 14 120
e 13 15 134
