t # 0
v 0 1
v 1 187
v 2 133
v 3 137
v 4 18
v 5 46
v 6 88
v 7 91
v 8 123
v 9 188
v 10 30
v 11 65
v 12 71
v 13 73
v 14 82
v 15 90
v 16 101
v 17 113
v 18 117
v 19 183
v 20 17
v 21 139
v 22 11
v 23 12
v 24 43
v 25 83
v 26 102
v 27 57
v 28 144
v 29 130
v 30 186
v 31 178
v 32 106
v 33 16
v 34 37
v 35 41
v 36 47
v 37 94
v 38 124
v 39 131
v 40 146
v 41 153
v 42 155
v 43 168
v 44 177
v 45 161
v 46 80
v 47 8
v 48 15
v 49 158
v 50 140
v 51 114
v 52 76
v 53 121
v 54 2
v 55 179
v 56 100
v 57 180
v 58 42
v 59 169
v 60 85
v 61 132
v 62 63
v 63 7
v 64 97
v 65 145
v 66 134
v 67 152
v 68 9
v 69 27
v 70 166
v 71 111
v 72 115
v 73 108
v 74 126
v 75 147
v 76 175
e 0 1 1
e 1 2 1
e 1 3 1
e 2 3 1
e 2 4 1
e 2 5 1
e 2 6 1
e 2 7 1
e 2 8 1
e 2 9 1
e 3 9 1
e 4 7 1
e 4 8 1
e 4 10 1
e 4 11 1
e 4 12 1
e 4 13 1
e 4 14 1
e 4 15 1
e 4 16 1
e 4 17 1
e 4 18 1
e 5 8 1
e 5 9 1
e 5 12 1
e 5 14 1
e 5 19 1
e 6 9 1
e 6 14 1
e 6 20 1
e 7 11 1
e 7 18 1
e 8 10 1
e 8 14 1
e 8 15 1
e 8 17 1
e 8 18 1
e 8 21 1
e 10 15 1
e 10 16 1
e 10 17 1
e 10 18 1
e 10 22 1
e 10 23 1
e 10 24 1
e 10 25 1
e 10 26 1
e 11 16 1
e 11 25 1
e 12 14 1
e 12 15 1
e 12 16 1
e 12 23 1
e 12 25 1
e 13 18 1
e 13 27 1
e 13 28 1
e 14 15 1
e 14 17 1
e 14 19 1
e 14 25 1
e 14 29 1
e 14 30 1
e 15 16 1
e 15 17 1
e 15 18 1
e 15 21 1
e 15 23 1
e 15 30 1
e 15 31 1
e 16 17 1
e 16 18 1
e 16 22 1
e 16 23 1
e 16 24 1
e 16 25 1
e 16 26 1
e 17 18 1
e 17 23 1
e 17 25 1
e 17 31 1
e 18 21 1
e 18 23 1
e 18 31 1
e 18 32 1
e 19 20 1
e 19 29 1
e 19 33 1
e 19 34 1
e 19 35 1
e 19 36 1
e 19 37 1
e 19 38 1
e 19 39 1
e 19 40 1
e 19 41 1
e 19 42 1
e 19 43 1
e 19 44 1
e 20 29 1
e 20 33 1
e 20 34 1
e 20 37 1
e 20 38 1
e 20 41 1
e 20 42 1
e 20 44 1
e 20 45 1
e 21 23 1
e 22 23 1
e 22 24 1
e 22 25 1
e 22 26 1
e 22 46 1
e 24 26 1
e 25 26 1
e 27 28 1
e 27 47 1
e 29 33 1
e 29 34 1
e 29 35 1
e 29 36 1
e 29 37 1
e 29 40 1
e 29 41 1
e 29 42 1
e 29 43 1
e 29 44 1
e 29 48 1
e 30 49 1
e 32 50 1
e 33 35 1
e 33 37 1
e 33 41 1
e 33 42 1
e 33 44 1
e 34 37 1
e 34 41 1
e 34 43 1
e 35 36 1
e 35 37 1
e 35 41 1
e 35 42 1
e 35 44 1
e 35 51 1
e 36 37 1
e 36 39 1
e 36 43 1
e 37 39 1
e 37 42 1
e 37 43 1
e 37 51 1
e 38 41 1
e 38 44 1
e 38 45 1
e 38 52 1
e 38 53 1
e 39 41 1
e 39 43 1
e 39 44 1
e 39 54 1
e 39 55 1
e 40 56 1
e 41 44 1
e 41 52 1
e 42 44 1
e 44 45 1
e 44 52 1
e 44 57 1
e 45 53 1
e 49 58 1
e 49 59 1
e 52 53 1
e 52 57 1
e 52 60 1
e 52 61 1
e 56 59 1
e 56 62 1
e 57 60 1
e 57 61 1
e 60 61 1
e 62 63 1
e 62 64 1
e 62 65 1
e 63 64 1
e 63 66 1
e 64 67 1
e 65 68 1
e 66 69 1
e 66 70 1
e 68 71 1
e 68 72 1
e 69 70 1
e 69 73 1
e 69 74 1
e 69 75 1
e 69 76 1
e 70 73 1
e 70 75 1
e 70 76 1
e 73 74 1
e 73 75 1
e 73 76 1
t # 1
v 0 6
v 1 62
v 2 141
v 3 173
v 4 154
v 5 135
v 6 55
v 7 96
v 8 99
v 9 148
v 10 156
v 11 44
v 12 72
v 13 93
v 14 87
v 15 95
v 16 185
v 17 139
v 18 51
v 19 24
v 20 110
v 21 146
v 22 85
v 23 132
v 24 23
v 25 49
v 26 136
v 27 36
v 28 76
v 29 180
v 30 170
v 31 31
v 32 25
v 33 69
v 34 15
e 0 1 1
e 0 2 1
e 0 3 1
e 1 2 1
e 1 3 1
e 2 3 1
e 2 4 1
e 3 5 1
e 4 6 1
e 4 7 1
e 4 8 1
e 5 9 1
e 5 10 1
e 6 7 1
e 6 8 1
e 6 11 1
e 6 12 1
e 6 13 1
e 7 8 1
e 7 11 1
e 7 12 1
e 8 11 1
e 9 14 1
e 9 15 1
e 9 16 1
e 10 17 1
e 11 12 1
e 11 13 1
e 11 18 1
e 12 13 1
e 12 18 1
e 13 18 1
e 14 19 1
e 14 20 1
e 16 21 1
e 19 22 1
e 19 23 1
e 20 24 1
e 20 25 1
e 20 26 1
e 21 27 1
e 22 23 1
e 22 24 1
e 22 28 1
e 22 29 1
e 23 24 1
e 23 29 1
e 24 26 1
e 24 29 1
e 24 30 1
e 25 31 1
e 27 32 1
e 30 33 1
e 32 34 1
t # 2
v 0 3
v 1 31
v 2 49
v 3 84
v 4 87
v 5 110
v 6 142
v 7 24
v 8 69
v 9 174
v 10 170
v 11 10
v 12 109
e 0 1 1
e 0 2 1
e 0 3 1
e 0 4 1
e 0 5 1
e 0 6 1
e 1 2 1
e 1 3 1
e 1 4 1
e 1 5 1
e 2 3 1
e 2 4 1
e 2 5 1
e 3 4 1
e 3 5 1
e 4 5 1
e 4 7 1
e 5 8 1
e 6 9 1
e 8 10 1
e 9 11 1
e 11 12 1
t # 3
v 0 3
v 1 31
v 2 84
v 3 174
v 4 23
v 5 49
v 6 87
v 7 110
v 8 170
v 9 142
v 10 136
v 11 135
v 12 69
e 0 1 1
e 0 2 1
e 0 3 1
e 1 2 1
e 1 4 1
e 1 5 1
e 1 6 1
e 1 7 1
e 1 8 1
e 2 5 1
e 3 9 1
e 4 10 1
e 5 6 1
e 5 7 1
e 5 8 1
e 5 11 1
e 6 7 1
e 6 8 1
e 7 8 1
e 8 12 1
t # 4
v 0 4
v 1 27
v 2 60
v 3 108
v 4 175
v 5 45
v 6 166
v 7 105
v 8 114
v 9 119
v 10 41
v 11 162
v 12 94
v 13 127
v 14 38
e 0 1 1
e 0 2 1
e 0 3 1
e 0 4 1
e 1 2 1
e 1 4 1
e 1 5 1
e 1 6 1
e 2 4 1
e 2 5 1
e 2 6 1
e 4 6 1
e 5 7 1
e 5 8 1
e 7 9 1
e 8 10 1
e 8 11 1
e 10 12 1
e 11 13 1
e 13 14 1
t # 5
v 0 15
v 1 51
v 2 95
v 3 148
v 4 25
v 5 185
v 6 44
v 7 55
v 8 93
v 9 74
v 10 99
v 11 134
v 12 59
v 13 65
v 14 83
v 15 102
v 16 154
v 17 70
v 18 72
v 19 96
v 20 122
e 0 1 1
e 1 2 1
e 1 3 1
e 2 3 1
e 2 4 1
e 2 5 1
e 3 5 1
e 5 6 1
e 6 7 1
e 6 8 1
e 7 8 1
e 8 9 1
e 8 10 1
e 8 11 1
e 9 12 1
e 9 13 1
e 9 14 1
e 9 15 1
e 10 16 1
e 12 13 1
e 12 14 1
e 12 17 1
e 13 14 1
e 13 18 1
e 13 19 1
e 13 20 1
e 16 19 1
e 18 19 1
t # 6
v 0 4
v 1 39
v 2 53
v 3 5
v 4 128
v 5 13
v 6 134
v 7 184
v 8 166
v 9 27
v 10 126
v 11 147
v 12 175
v 13 68
v 14 108
v 15 145
v 16 66
v 17 129
v 18 160
v 19 29
v 20 60
v 21 92
v 22 103
v 23 176
v 24 138
v 25 19
v 26 15
v 27 95
v 28 155
v 29 88
v 30 25
v 31 148
v 32 185
v 33 51
v 34 17
v 35 130
v 36 52
v 37 93
v 38 72
v 39 96
v 40 183
v 41 44
v 42 55
v 43 141
v 44 181
v 45 37
v 46 144
v 47 99
v 48 182
e 0 1 1
e 0 2 1
e 1 3 1
e 1 4 1
e 3 4 1
e 3 5 1
e 4 6 1
e 5 7 1
e 6 8 1
e 8 9 1
e 9 10 1
e 9 11 1
e 9 12 1
e 10 11 1
e 10 12 1
e 10 13 1
e 11 12 1
e 11 14 1
e 11 15 1
e 13 16 1
e 13 17 1
e 13 18 1
e 17 19 1
e 17 20 1
e 17 21 1
e 17 22 1
e 17 23 1
e 19 21 1
e 19 23 1
e 19 24 1
e 21 23 1
e 22 25 1
e 23 26 1
e 23 27 1
e 23 28 1
e 24 29 1
e 26 27 1
e 26 30 1
e 26 31 1
e 26 32 1
e 27 30 1
e 27 31 1
e 27 32 1
e 27 33 1
e 28 34 1
e 28 35 1
e 29 36 1
e 30 31 1
e 30 32 1
e 30 33 1
e 31 32 1
e 31 33 1
e 31 37 1
e 32 33 1
e 32 37 1
e 33 38 1
e 33 39 1
e 34 35 1
e 34 40 1
e 37 41 1
e 37 42 1
e 37 43 1
e 37 44 1
e 38 39 1
e 40 45 1
e 40 46 1
e 41 42 1
e 42 43 1
e 43 47 1
e 45 46 1
e 45 48 1
t # 7
v 0 5
v 1 39
v 2 134
v 3 109
v 4 157
v 5 164
v 6 128
v 7 145
v 8 120
v 9 149
v 10 174
v 11 33
v 12 118
v 13 135
v 14 6
v 15 51
v 16 142
v 17 153
v 18 172
v 19 137
v 20 70
v 21 173
v 22 72
v 23 95
v 24 62
v 25 131
v 26 177
v 27 74
v 28 122
v 29 179
v 30 133
v 31 44
v 32 96
v 33 185
v 34 123
v 35 181
v 36 99
v 37 143
v 38 154
v 39 148
v 40 46
v 41 73
v 42 55
v 43 93
v 44 141
v 45 90
v 46 188
v 47 82
v 48 94
v 49 130
v 50 17
v 51 41
v 52 155
v 53 162
v 54 16
v 55 38
v 56 29
v 57 50
v 58 127
v 59 138
v 60 176
v 61 92
e 0 1 1
e 0 2 1
e 1 2 1
e 1 3 1
e 1 4 1
e 1 5 1
e 2 6 1
e 2 7 1
e 3 4 1
e 3 5 1
e 3 8 1
e 3 9 1
e 4 5 1
e 4 9 1
e 5 8 1
e 5 9 1
e 5 10 1
e 6 7 1
e 6 11 1
e 8 9 1
e 8 12 1
e 9 10 1
e 9 12 1
e 9 13 1
e 10 14 1
e 10 15 1
e 10 16 1
e 10 17 1
e 10 18 1
e 12 19 1
e 13 15 1
e 14 17 1
e 14 20 1
e 14 21 1
e 15 16 1
e 15 18 1
e 15 22 1
e 15 23 1
e 17 21 1
e 17 24 1
e 17 25 1
e 17 26 1
e 20 27 1
e 20 28 1
e 20 29 1
e 21 24 1
e 21 30 1
e 22 31 1
e 22 32 1
e 23 33 1
e 25 26 1
e 30 34 1
e 31 32 1
e 31 35 1
e 32 36 1
e 32 37 1
e 32 38 1
e 33 39 1
e 34 40 1
e 34 41 1
e 35 42 1
e 35 43 1
e 35 44 1
e 36 37 1
e 36 38 1
e 36 42 1
e 37 38 1
e 37 42 1
e 38 42 1
e 40 45 1
e 40 46 1
e 42 43 1
e 43 44 1
e 45 47 1
e 45 48 1
e 45 49 1
e 48 49 1
e 48 50 1
e 48 51 1
e 48 52 1
e 48 53 1
e 49 50 1
e 49 51 1
e 49 52 1
e 49 54 1
e 50 52 1
e 51 53 1
e 51 54 1
e 51 55 1
e 52 54 1
e 52 56 1
e 52 57 1
e 52 58 1
e 52 59 1
e 52 60 1
e 53 55 1
e 54 55 1
e 54 57 1
e 54 58 1
e 54 60 1
e 54 61 1
e 55 58 1
e 56 57 1
e 56 59 1
e 56 60 1
e 56 61 1
e 57 58 1
e 57 59 1
e 57 60 1
e 57 61 1
e 58 60 1
e 58 61 1
e 60 61 1
t # 8
v 0 5
v 1 134
v 2 158
v 3 27
v 4 166
v 5 45
v 6 105
v 7 108
v 8 126
v 9 25
v 10 175
v 11 162
v 12 119
v 13 15
v 14 151
v 15 38
v 16 41
v 17 94
v 18 114
v 19 127
v 20 173
v 21 47
v 22 56
v 23 139
v 24 183
v 25 9
v 26 16
v 27 50
v 28 92
v 29 155
v 30 130
v 31 123
v 32 180
v 33 140
v 34 156
v 35 17
v 36 58
v 37 176
v 38 29
v 39 90
v 40 133
v 41 86
v 42 132
v 43 121
v 44 19
v 45 79
v 46 103
v 47 71
v 48 129
v 49 138
v 50 12
v 51 68
e 0 1 1
e 0 2 1
e 1 3 1
e 1 4 1
e 3 5 1
e 3 6 1
e 3 7 1
e 3 8 1
e 4 9 1
e 4 10 1
e 5 6 1
e 5 8 1
e 5 11 1
e 6 7 1
e 6 12 1
e 9 13 1
e 9 14 1
e 11 15 1
e 11 16 1
e 11 17 1
e 11 18 1
e 11 19 1
e 13 20 1
e 14 21 1
e 14 22 1
e 14 23 1
e 14 24 1
e 15 16 1
e 15 17 1
e 15 18 1
e 15 19 1
e 15 25 1
e 15 26 1
e 15 27 1
e 15 28 1
e 15 29 1
e 16 17 1
e 16 18 1
e 16 19 1
e 16 25 1
e 16 26 1
e 16 27 1
e 16 28 1
e 16 29 1
e 16 30 1
e 17 18 1
e 17 19 1
e 17 25 1
e 17 26 1
e 17 27 1
e 17 28 1
e 17 29 1
e 17 30 1
e 19 25 1
e 19 26 1
e 19 27 1
e 19 28 1
e 19 29 1
e 20 31 1
e 20 32 1
e 23 30 1
e 23 31 1
e 23 33 1
e 23 34 1
e 24 30 1
e 24 35 1
e 24 36 1
e 26 27 1
e 26 28 1
e 26 29 1
e 26 37 1
e 27 28 1
e 27 29 1
e 27 37 1
e 28 29 1
e 28 37 1
e 28 38 1
e 29 37 1
e 30 35 1
e 31 39 1
e 31 40 1
e 32 41 1
e 32 42 1
e 36 43 1
e 38 44 1
e 41 42 1
e 44 45 1
e 44 46 1
e 46 47 1
e 46 48 1
e 46 49 1
e 47 48 1
e 47 50 1
e 48 49 1
e 48 50 1
e 50 51 1
t # 9
v 0 1
v 1 187
v 2 133
v 3 172
v 4 188
v 5 45
v 6 162
v 7 41
v 8 75
v 9 92
v 10 94
v 11 127
v 12 38
v 13 114
v 14 16
v 15 29
v 16 50
v 17 176
v 18 126
v 19 155
v 20 138
v 21 27
v 22 108
v 23 175
v 24 4
v 25 60
v 26 134
v 27 147
v 28 166
v 29 105
v 30 119
v 31 128
v 32 145
v 33 158
e 0 1 1
e 1 2 1
e 1 3 1
e 2 3 1
e 2 4 1
e 3 5 1
e 5 6 1
e 6 7 1
e 6 8 1
e 6 9 1
e 6 10 1
e 6 11 1
e 7 9 1
e 7 10 1
e 7 12 1
e 7 13 1
e 9 11 1
e 9 12 1
e 9 14 1
e 9 15 1
e 9 16 1
e 11 12 1
e 11 14 1
e 11 16 1
e 11 17 1
e 12 14 1
e 13 18 1
e 14 16 1
e 14 17 1
e 14 19 1
e 15 16 1
e 15 20 1
e 16 17 1
e 16 19 1
e 17 19 1
e 18 21 1
e 18 22 1
e 18 23 1
e 21 22 1
e 21 23 1
e 21 24 1
e 21 25 1
e 21 26 1
e 21 27 1
e 21 28 1
e 22 23 1
e 22 27 1
e 22 29 1
e 22 30 1
e 22 31 1
e 23 28 1
e 24 25 1
e 24 27 1
e 24 31 1
e 26 27 1
e 26 31 1
e 27 31 1
e 27 32 1
e 29 30 1
e 31 33 1
t # 10
v 0 4
v 1 27
v 2 175
v 3 60
v 4 126
v 5 94
v 6 114
v 7 41
v 8 45
v 9 162
v 10 75
v 11 127
v 12 50
e 0 1 1
e 0 2 1
e 1 2 1
e 1 3 1
e 1 4 1
e 4 5 1
e 4 6 1
e 5 7 1
e 5 8 1
e 5 9 1
e 6 7 1
e 6 9 1
e 8 9 1
e 9 10 1
e 9 11 1
e 10 11 1
e 11 12 1
t # 11
v 0 12
v 1 67
v 2 68
v 3 71
v 4 78
v 5 90
v 6 140
v 7 79
v 8 43
v 9 66
v 10 82
v 11 91
v 12 153
v 13 184
v 14 130
v 15 181
v 16 114
v 17 65
v 18 80
v 19 132
v 20 117
v 21 62
v 22 177
v 23 16
v 24 17
v 25 41
v 26 94
v 27 139
v 28 155
v 29 183
v 30 141
v 31 38
v 32 45
v 33 156
v 34 162
v 35 59
v 36 122
v 37 148
v 38 73
v 39 178
v 40 173
v 41 92
v 42 176
v 43 37
v 44 136
v 45 154
v 46 127
v 47 102
v 48 70
v 49 135
v 50 111
v 51 182
v 52 23
v 53 44
v 54 151
v 55 58
v 56 55
v 57 121
e 0 1 1
e 0 2 1
e 0 3 1
e 0 4 1
e 0 5 1
e 0 6 1
e 2 7 1
e 4 5 1
e 4 6 1
e 4 8 1
e 4 9 1
e 4 10 1
e 4 11 1
e 4 12 1
e 4 13 1
e 5 6 1
e 5 8 1
e 5 9 1
e 5 10 1
e 5 11 1
e 5 12 1
e 5 14 1
e 5 15 1
e 6 10 1
e 6 12 1
e 6 16 1
e 8 12 1
e 8 15 1
e 8 17 1
e 8 18 1
e 8 19 1
e 9 11 1
e 10 11 1
e 10 14 1
e 11 20 1
e 12 14 1
e 12 18 1
e 12 19 1
e 12 21 1
e 12 22 1
e 14 22 1
e 14 23 1
e 14 24 1
e 14 25 1
e 14 26 1
e 14 27 1
e 14 28 1
e 14 29 1
e 15 17 1
e 15 30 1
e 16 25 1
e 16 26 1
e 16 27 1
e 16 31 1
e 16 32 1
e 16 33 1
e 16 34 1
e 17 23 1
e 17 35 1
e 17 36 1
e 18 19 1
e 19 21 1
e 19 22 1
e 19 37 1
e 20 38 1
e 20 39 1
e 21 40 1
e 23 25 1
e 23 26 1
e 23 27 1
e 23 28 1
e 23 31 1
e 23 35 1
e 23 41 1
e 23 42 1
e 24 28 1
e 24 29 1
e 24 43 1
e 25 26 1
e 25 27 1
e 25 31 1
e 25 34 1
e 26 27 1
e 26 28 1
e 26 31 1
e 26 33 1
e 26 34 1
e 27 33 1
e 27 34 1
e 28 42 1
e 29 43 1
e 29 44 1
e 30 45 1
e 31 34 1
e 31 46 1
e 33 34 1
e 35 47 1
e 36 48 1
e 40 49 1
e 42 50 1
e 43 51 1
e 44 52 1
e 45 53 1
e 51 54 1
e 52 55 1
e 53 56 1
e 55 57 1
t # 12
v 0 3
v 1 8
v 2 31
v 3 49
v 4 84
v 5 110
v 6 57
v 7 23
v 8 121
v 9 135
v 10 136
v 11 17
v 12 58
v 13 130
v 14 175
v 15 183
v 16 46
v 17 19
v 18 90
v 19 4
v 20 27
v 21 108
v 22 126
v 23 147
v 24 37
v 25 111
v 26 123
v 27 188
v 28 59
v 29 65
v 30 82
v 31 83
v 32 81
v 33 128
v 34 134
v 35 54
v 36 145
v 37 45
v 38 114
v 39 133
v 40 102
v 41 113
v 42 186
v 43 101
v 44 187
v 45 91
v 46 150
v 47 60
v 48 38
v 49 41
v 50 137
v 51 18
v 52 30
v 53 12
v 54 77
v 55 117
v 56 16
v 57 94
v 58 63
v 59 129
v 60 35
v 61 167
v 62 155
v 63 7
v 64 171
e 0 1 1
e 0 2 1
e 0 3 1
e 0 4 1
e 0 5 1
e 1 4 1
e 1 6 1
e 2 3 1
e 2 4 1
e 2 5 1
e 2 7 1
e 2 8 1
e 2 9 1
e 2 10 1
e 3 4 1
e 3 5 1
e 3 8 1
e 3 9 1
e 5 8 1
e 7 8 1
e 7 10 1
e 8 10 1
e 8 11 1
e 8 12 1
e 8 13 1
e 8 14 1
e 8 15 1
e 10 12 1
e 11 13 1
e 11 15 1
e 11 16 1
e 12 13 1
e 12 15 1
e 13 15 1
e 13 16 1
e 13 17 1
e 13 18 1
e 14 19 1
e 14 20 1
e 14 21 1
e 14 22 1
e 14 23 1
e 15 24 1
e 16 25 1
e 16 26 1
e 16 27 1
e 18 28 1
e 18 29 1
e 18 30 1
e 18 31 1
e 19 20 1
e 19 21 1
e 20 21 1
e 20 22 1
e 20 23 1
e 20 32 1
e 20 33 1
e 20 34 1
e 21 22 1
e 21 23 1
e 21 35 1
e 21 36 1
e 22 23 1
e 22 37 1
e 22 38 1
e 23 32 1
e 23 34 1
e 23 36 1
e 26 27 1
e 26 39 1
e 27 39 1
e 28 29 1
e 28 40 1
e 28 41 1
e 28 42 1
e 29 30 1
e 29 31 1
e 29 40 1
e 29 43 1
e 29 44 1
e 30 45 1
e 32 46 1
e 34 47 1
e 37 38 1
e 38 48 1
e 38 49 1
e 39 50 1
e 41 42 1
e 41 51 1
e 41 52 1
e 43 51 1
e 43 52 1
e 44 53 1
e 44 54 1
e 45 55 1
e 48 49 1
e 49 56 1
e 49 57 1
e 51 52 1
e 51 58 1
e 53 59 1
e 54 60 1
e 54 61 1
e 56 62 1
e 58 63 1
e 60 61 1
e 60 64 1
t # 13
v 0 3
v 1 49
v 2 84
v 3 23
v 4 31
v 5 110
v 6 136
v 7 121
v 8 170
v 9 37
v 10 58
v 11 69
v 12 76
v 13 17
v 14 183
v 15 24
v 16 85
v 17 132
v 18 180
v 19 130
v 20 87
v 21 161
v 22 41
v 23 94
v 24 155
v 25 124
v 26 38
v 27 139
v 28 168
v 29 127
v 30 162
v 31 16
v 32 176
v 33 114
v 34 47
e 0 1 1
e 0 2 1
e 1 2 1
e 1 3 1
e 1 4 1
e 1 5 1
e 1 6 1
e 3 4 1
e 3 6 1
e 3 7 1
e 4 5 1
e 4 6 1
e 4 8 1
e 7 9 1
e 7 10 1
e 8 11 1
e 8 12 1
e 9 13 1
e 9 14 1
e 11 12 1
e 11 15 1
e 11 16 1
e 12 16 1
e 12 17 1
e 12 18 1
e 13 14 1
e 13 19 1
e 15 20 1
e 16 18 1
e 17 18 1
e 18 21 1
e 19 22 1
e 19 23 1
e 19 24 1
e 21 25 1
e 22 23 1
e 22 26 1
e 22 27 1
e 22 28 1
e 23 26 1
e 23 27 1
e 23 28 1
e 23 29 1
e 23 30 1
e 24 31 1
e 24 32 1
e 26 29 1
e 26 30 1
e 26 33 1
e 28 34 1
e 29 30 1
e 30 33 1
t # 14
v 0 1
v 1 133
v 2 187
v 3 18
v 4 188
v 5 65
v 6 46
v 7 59
v 8 30
v 9 100
v 10 102
v 11 113
v 12 129
v 13 178
v 14 186
v 15 11
v 16 101
v 17 95
v 18 138
v 19 68
v 20 42
v 21 83
v 22 25
v 23 185
v 24 29
v 25 169
v 26 74
v 27 66
e 0 1 1
e 0 2 1
e 1 3 1
e 1 4 1
e 3 5 1
e 4 6 1
e 5 7 1
e 7 8 1
e 7 9 1
e 7 10 1
e 7 11 1
e 7 12 1
e 7 13 1
e 8 9 1
e 8 11 1
e 9 11 1
e 9 13 1
e 9 14 1
e 10 15 1
e 10 16 1
e 11 13 1
e 12 13 1
e 12 17 1
e 12 18 1
e 13 14 1
e 13 19 1
e 14 20 1
e 15 16 1
e 15 21 1
e 17 22 1
e 17 23 1
e 18 24 1
e 20 25 1
e 21 26 1
e 22 23 1
e 25 27 1
t # 15
v 0 17
v 1 37
v 2 130
v 3 168
v 4 183
v 5 94
v 6 121
v 7 136
v 8 41
v 9 23
v 10 58
v 11 38
e 0 1 1
e 0 2 1
e 1 3 1
e 1 4 1
e 2 5 1
e 4 6 1
e 4 7 1
e 5 8 1
e 6 7 1
e 6 9 1
e 6 10 1
e 7 9 1
e 8 11 1
t # 16
v 0 16
v 1 155
v 2 17
v 3 41
v 4 50
v 5 92
v 6 130
v 7 29
v 8 138
v 9 38
v 10 127
v 11 176
v 12 129
v 13 68
v 14 103
v 15 19
v 16 71
e 0 1 1
e 1 2 1
e 1 3 1
e 1 4 1
e 1 5 1
e 1 6 1
e 2 6 1
e 4 5 1
e 4 7 1
e 4 8 1
e 5 9 1
e 5 10 1
e 5 11 1
e 7 8 1
e 7 12 1
e 8 12 1
e 9 10 1
e 12 13 1
e 12 14 1
e 14 15 1
e 14 16 1
e 15 16 1
t # 17
v 0 3
v 1 31
v 2 49
v 3 84
v 4 87
v 5 110
v 6 142
v 7 161
v 8 174
v 9 23
v 10 57
v 11 69
v 12 76
v 13 121
v 14 136
v 15 170
v 16 24
v 17 85
v 18 180
v 19 8
v 20 134
v 21 54
v 22 126
v 23 147
v 24 132
v 25 27
v 26 100
v 27 108
v 28 128
v 29 145
v 30 166
v 31 175
v 32 38
v 33 45
v 34 52
v 35 114
v 36 41
v 37 105
v 38 189
v 39 4
v 40 60
v 41 47
v 42 168
v 43 88
v 44 94
v 45 119
v 46 150
v 47 127
v 48 162
v 49 50
v 50 29
v 51 138
v 52 103
v 53 129
v 54 19
v 55 68
v 56 71
v 57 12
e 0 1 1
e 0 2 1
e 0 3 1
e 0 4 1
e 0 5 1
e 0 6 1
e 0 7 1
e 0 8 1
e 1 2 1
e 1 4 1
e 1 9 1
e 1 10 1
e 1 11 1
e 1 12 1
e 1 13 1
e 1 14 1
e 1 15 1
e 2 3 1
e 2 4 1
e 2 5 1
e 2 6 1
e 2 7 1
e 2 8 1
e 2 13 1
e 3 6 1
e 4 9 1
e 4 11 1
e 4 12 1
e 4 15 1
e 4 16 1
e 4 17 1
e 4 18 1
e 5 6 1
e 5 7 1
e 5 8 1
e 6 8 1
e 9 10 1
e 9 11 1
e 9 12 1
e 9 13 1
e 9 14 1
e 9 15 1
e 9 19 1
e 9 20 1
e 10 12 1
e 10 19 1
e 11 12 1
e 11 14 1
e 11 15 1
e 11 17 1
e 12 13 1
e 12 14 1
e 12 15 1
e 12 17 1
e 12 21 1
e 12 22 1
e 13 14 1
e 13 15 1
e 14 15 1
e 14 19 1
e 14 20 1
e 14 23 1
e 15 17 1
e 15 19 1
e 16 17 1
e 16 18 1
e 16 24 1
e 17 18 1
e 17 24 1
e 18 24 1
e 20 23 1
e 20 25 1
e 20 26 1
e 20 27 1
e 20 28 1
e 20 29 1
e 20 30 1
e 20 31 1
e 21 32 1
e 21 33 1
e 21 34 1
e 21 35 1
e 22 25 1
e 22 31 1
e 22 33 1
e 22 35 1
e 22 36 1
e 23 25 1
e 23 26 1
e 23 27 1
e 23 28 1
e 23 29 1
e 23 31 1
e 25 26 1
e 25 27 1
e 25 30 1
e 25 31 1
e 26 31 1
e 27 31 1
e 27 37 1
e 28 29 1
e 29 38 1
e 30 31 1
e 30 39 1
e 30 40 1
e 31 39 1
e 31 40 1
e 32 33 1
e 32 35 1
e 32 36 1
e 33 35 1
e 33 36 1
e 34 35 1
e 35 36 1
e 35 41 1
e 35 42 1
e 36 43 1
e 36 44 1
e 37 45 1
e 39 40 1
e 41 42 1
e 43 44 1
e 43 46 1
e 44 47 1
e 44 48 1
e 47 49 1
e 49 50 1
e 49 51 1
e 50 51 1
e 51 52 1
e 51 53 1
e 52 53 1
e 52 54 1
e 52 55 1
e 52 56 1
e 53 55 1
e 56 57 1
t # 18
v 0 1
v 1 33
v 2 35
v 3 118
v 4 13
v 5 25
v 6 58
v 7 117
v 8 136
v 9 171
v 10 144
v 11 51
v 12 95
v 13 134
v 14 181
v 15 185
v 16 23
v 17 121
v 18 91
v 19 8
v 20 76
v 21 107
v 22 183
v 23 15
v 24 37
v 25 148
v 26 167
v 27 44
v 28 72
v 29 96
v 30 128
v 31 93
v 32 69
v 33 71
v 34 170
v 35 106
v 36 123
v 37 17
v 38 63
v 39 55
v 40 154
v 41 143
v 42 99
v 43 12
v 44 19
v 45 67
v 46 68
v 47 103
v 48 129
v 49 162
v 50 137
v 51 29
v 52 38
v 53 41
v 54 45
v 55 79
v 56 92
v 57 94
v 58 114
v 59 127
v 60 50
v 61 138
v 62 119
v 63 16
v 64 130
v 65 105
v 66 108
v 67 75
v 68 27
v 69 126
v 70 175
v 71 166
e 0 1 1
e 0 2 1
e 0 3 1
e 1 4 1
e 1 5 1
e 1 6 1
e 1 7 1
e 1 8 1
e 1 9 1
e 3 10 1
e 5 9 1
e 5 11 1
e 5 12 1
e 5 13 1
e 5 14 1
e 5 15 1
e 6 7 1
e 6 8 1
e 6 16 1
e 6 17 1
e 7 18 1
e 8 16 1
e 8 17 1
e 8 19 1
e 8 20 1
e 8 21 1
e 8 22 1
e 9 15 1
e 9 23 1
e 9 24 1
e 9 25 1
e 9 26 1
e 10 24 1
e 11 12 1
e 11 15 1
e 11 23 1
e 11 25 1
e 11 27 1
e 11 28 1
e 11 29 1
e 12 15 1
e 12 23 1
e 12 25 1
e 13 25 1
e 13 30 1
e 14 27 1
e 14 31 1
e 15 23 1
e 15 24 1
e 15 25 1
e 16 17 1
e 17 20 1
e 17 32 1
e 17 33 1
e 17 34 1
e 19 22 1
e 20 32 1
e 20 34 1
e 21 35 1
e 21 36 1
e 22 24 1
e 23 24 1
e 23 25 1
e 24 25 1
e 24 37 1
e 24 38 1
e 27 29 1
e 27 31 1
e 27 39 1
e 27 40 1
e 28 29 1
e 29 39 1
e 29 41 1
e 31 39 1
e 31 40 1
e 31 42 1
e 32 34 1
e 33 43 1
e 33 44 1
e 33 45 1
e 33 46 1
e 33 47 1
e 33 48 1
e 35 49 1
e 36 50 1
e 39 40 1
e 39 42 1
e 40 42 1
e 43 46 1
e 44 46 1
e 44 47 1
e 44 48 1
e 44 51 1
e 46 47 1
e 46 48 1
e 47 48 1
e 47 51 1
e 48 51 1
e 49 52 1
e 49 53 1
e 49 54 1
e 49 55 1
e 49 56 1
e 49 57 1
e 49 58 1
e 49 59 1
e 51 60 1
e 51 61 1
e 52 53 1
e 52 56 1
e 52 57 1
e 52 58 1
e 52 59 1
e 53 56 1
e 53 57 1
e 53 59 1
e 54 58 1
e 54 62 1
e 55 62 1
e 56 57 1
e 56 59 1
e 56 63 1
e 57 59 1
e 57 63 1
e 57 64 1
e 60 61 1
e 62 65 1
e 62 66 1
e 63 64 1
e 65 66 1
e 65 67 1
e 66 68 1
e 66 69 1
e 66 70 1
e 68 71 1
e 70 71 1
t # 19
v 0 0
v 1 159
v 2 99
v 3 55
v 4 143
v 5 16
v 6 19
v 7 29
v 8 38
v 9 44
v 10 72
v 11 83
v 12 93
v 13 96
v 14 103
v 15 138
v 16 141
v 17 154
v 18 155
v 19 181
v 20 129
v 21 41
v 22 50
v 23 68
v 24 92
v 25 94
v 26 127
v 27 162
v 28 176
v 29 12
v 30 17
v 31 56
v 32 71
v 33 130
v 34 139
v 35 145
v 36 134
v 37 117
v 38 79
v 39 131
v 40 86
v 41 114
v 42 167
v 43 172
v 44 128
v 45 158
v 46 91
v 47 88
v 48 35
v 49 136
v 50 30
v 51 58
v 52 121
v 53 184
v 54 1
v 55 77
v 56 171
v 57 23
v 58 69
v 59 76
v 60 170
v 61 89
v 62 137
v 63 32
v 64 33
v 65 187
e 0 1 1
e 1 2 1
e 2 3 1
e 2 4 1
e 3 4 1
e 3 5 1
e 3 6 1
e 3 7 1
e 3 8 1
e 3 9 1
e 3 10 1
e 3 11 1
e 3 12 1
e 3 13 1
e 3 14 1
e 3 15 1
e 3 16 1
e 3 17 1
e 3 18 1
e 3 19 1
e 4 5 1
e 4 6 1
e 4 7 1
e 4 8 1
e 4 9 1
e 4 10 1
e 4 11 1
e 4 13 1
e 4 14 1
e 4 15 1
e 4 17 1
e 4 18 1
e 4 20 1
e 5 6 1
e 5 7 1
e 5 8 1
e 5 9 1
e 5 14 1
e 5 15 1
e 5 17 1
e 5 18 1
e 5 20 1
e 5 21 1
e 5 22 1
e 5 23 1
e 5 24 1
e 5 25 1
e 5 26 1
e 5 27 1
e 5 28 1
e 6 7 1
e 6 8 1
e 6 14 1
e 6 15 1
e 6 17 1
e 6 18 1
e 6 20 1
e 6 21 1
e 6 23 1
e 6 25 1
e 6 27 1
e 6 29 1
e 6 30 1
e 6 31 1
e 6 32 1
e 6 33 1
e 6 34 1
e 7 8 1
e 7 9 1
e 7 11 1
e 7 13 1
e 7 14 1
e 7 15 1
e 7 17 1
e 7 18 1
e 7 20 1
e 7 21 1
e 7 22 1
e 7 26 1
e 7 27 1
e 7 28 1
e 7 35 1
e 8 9 1
e 8 13 1
e 8 14 1
e 8 15 1
e 8 17 1
e 8 18 1
e 8 20 1
e 8 21 1
e 8 22 1
e 8 23 1
e 8 25 1
e 8 26 1
e 8 27 1
e 8 28 1
e 8 36 1
e 9 10 1
e 9 11 1
e 9 13 1
e 9 14 1
e 9 15 1
e 9 16 1
e 9 17 1
e 9 19 1
e 9 37 1
e 10 11 1
e 10 13 1
e 10 17 1
e 11 13 1
e 11 22 1
e 12 16 1
e 13 14 1
e 13 17 1
e 14 15 1
e 14 17 1
e 14 18 1
e 14 20 1
e 14 21 1
e 14 23 1
e 14 25 1
e 14 26 1
e 14 27 1
e 14 29 1
e 14 32 1
e 15 18 1
e 15 20 1
e 15 21 1
e 15 22 1
e 15 23 1
e 15 25 1
e 15 26 1
e 15 27 1
e 15 28 1
e 16 17 1
e 16 19 1
e 17 19 1
e 17 20 1
e 18 20 1
e 18 21 1
e 18 22 1
e 18 23 1
e 18 24 1
e 18 25 1
e 18 26 1
e 18 27 1
e 18 28 1
e 20 21 1
e 20 23 1
e 20 25 1
e 20 27 1
e 20 29 1
e 20 30 1
e 20 32 1
e 20 38 1
e 21 23 1
e 21 25 1
e 21 26 1
e 21 27 1
e 21 30 1
e 21 31 1
e 21 33 1
e 21 34 1
e 21 39 1
e 22 24 1
e 22 26 1
e 22 28 1
e 23 25 1
e 23 27 1
e 23 29 1
e 23 30 1
e 24 26 1
e 24 28 1
e 25 26 1
e 25 27 1
e 25 30 1
e 25 31 1
e 25 33 1
e 25 34 1
e 25 39 1
e 26 27 1
e 26 28 1
e 27 30 1
e 27 33 1
e 27 34 1
e 27 38 1
e 27 40 1
e 27 41 1
e 29 32 1
e 29 42 1
e 30 33 1
e 30 39 1
e 32 43 1
e 33 34 1
e 33 39 1
e 34 38 1
e 34 41 1
e 35 36 1
e 35 44 1
e 36 44 1
e 36 45 1
e 37 46 1
e 38 40 1
e 39 47 1
e 42 48 1
e 44 45 1
e 44 49 1
e 45 50 1
e 45 51 1
e 45 52 1
e 45 53 1
e 48 54 1
e 48 55 1
e 48 56 1
e 49 52 1
e 49 57 1
e 49 58 1
e 49 59 1
e 49 60 1
e 51 52 1
e 52 57 1
e 52 58 1
e 52 59 1
e 52 60 1
e 54 55 1
e 54 56 1
e 54 61 1
e 55 62 1
e 57 58 1
e 57 60 1
e 58 59 1
e 58 60 1
e 59 60 1
e 61 63 1
e 61 64 1
e 62 65 1
e 63 64 1
t # 20
v 0 16
v 1 38
v 2 92
v 3 130
v 4 155
v 5 86
v 6 162
v 7 50
v 8 127
v 9 17
v 10 176
v 11 79
v 12 94
v 13 133
v 14 138
v 15 41
v 16 29
e 0 1 1
e 0 2 1
e 0 3 1
e 0 4 1
e 1 2 1
e 1 5 1
e 1 6 1
e 2 7 1
e 2 8 1
e 3 9 1
e 4 9 1
e 4 10 1
e 5 6 1
e 5 11 1
e 6 8 1
e 6 12 1
e 6 13 1
e 7 14 1
e 12 15 1
e 14 16 1
t # 21
v 0 27
v 1 108
v 2 147
v 3 162
v 4 175
v 5 94
v 6 127
v 7 41
v 8 38
v 9 50
v 10 92
v 11 176
e 0 1 1
e 0 2 1
e 0 3 1
e 1 4 1
e 3 5 1
e 3 6 1
e 5 6 1
e 5 7 1
e 6 8 1
e 6 9 1
e 6 10 1
e 7 8 1
e 8 10 1
e 9 10 1
e 9 11 1
e 10 11 1
t # 22
v 0 16
v 1 50
v 2 127
v 3 130
v 4 155
v 5 176
v 6 183
v 7 92
v 8 38
v 9 41
v 10 94
v 11 17
v 12 37
v 13 162
v 14 168
e 0 1 1
e 0 2 1
e 0 3 1
e 0 4 1
e 0 5 1
e 0 6 1
e 1 2 1
e 1 4 1
e 1 5 1
e 1 7 1
e 2 4 1
e 2 5 1
e 2 7 1
e 2 8 1
e 2 9 1
e 2 10 1
e 3 4 1
e 3 6 1
e 3 11 1
e 4 5 1
e 4 7 1
e 5 7 1
e 6 12 1
e 7 8 1
e 7 9 1
e 8 9 1
e 9 10 1
e 10 13 1
e 11 14 1
t # 23
v 0 7
v 1 18
v 2 30
v 3 33
v 4 63
v 5 97
v 6 113
v 7 186
v 8 101
v 9 158
v 10 100
v 11 91
v 12 152
v 13 42
v 14 43
v 15 102
v 16 11
v 17 59
e 0 1 1
e 0 2 1
e 0 3 1
e 0 4 1
e 0 5 1
e 0 6 1
e 0 7 1
e 1 2 1
e 1 4 1
e 1 6 1
e 1 7 1
e 1 8 1
e 2 6 1
e 2 7 1
e 2 9 1
e 3 4 1
e 4 5 1
e 4 10 1
e 5 10 1
e 5 11 1
e 5 12 1
e 6 7 1
e 6 13 1
e 7 13 1
e 8 14 1
e 8 15 1
e 11 12 1
e 15 16 1
e 15 17 1
t # 24
v 0 26
v 1 187
v 2 32
v 3 133
v 4 137
v 5 106
v 6 123
v 7 172
v 8 86
e 0 1 1
e 1 2 1
e 1 3 1
e 1 4 1
e 3 5 1
e 3 6 1
e 3 7 1
e 5 7 1
e 6 8 1
t # 25
v 0 6
v 1 153
v 2 131
v 3 180
v 4 179
v 5 122
v 6 132
v 7 70
v 8 14
v 9 83
v 10 74
v 11 80
v 12 102
v 13 21
v 14 43
v 15 101
e 0 1 1
e 1 2 1
e 1 3 1
e 2 3 1
e 2 4 1
e 3 5 1
e 3 6 1
e 4 5 1
e 4 7 1
e 5 7 1
e 5 8 1
e 7 9 1
e 9 10 1
e 9 11 1
e 9 12 1
e 11 12 1
e 11 13 1
e 11 14 1
e 13 14 1
e 14 15 1
t # 26
v 0 17
v 1 37
v 2 155
v 3 183
v 4 144
v 5 176
v 6 50
v 7 92
v 8 127
v 9 94
e 0 1 1
e 0 2 1
e 0 3 1
e 1 3 1
e 1 4 1
e 2 5 1
e 5 6 1
e 6 7 1
e 6 8 1
e 8 9 1
t # 27
v 0 32
v 1 89
v 2 111
v 3 133
v 4 171
v 5 123
v 6 137
v 7 35
v 8 78
v 9 118
v 10 77
v 11 167
e 0 1 1
e 0 2 1
e 0 3 1
e 0 4 1
e 1 2 1
e 1 4 1
e 3 5 1
e 3 6 1
e 4 6 1
e 4 7 1
e 4 8 1
e 4 9 1
e 5 6 1
e 7 10 1
e 7 11 1
t # 28
v 0 11
v 1 21
v 2 80
v 3 102
v 4 83
v 5 96
v 6 65
v 7 74
v 8 129
v 9 44
v 10 72
v 11 59
v 12 122
v 13 70
e 0 1 1
e 0 2 1
e 0 3 1
e 1 2 1
e 1 4 1
e 1 5 1
e 2 4 1
e 4 6 1
e 4 7 1
e 4 8 1
e 5 9 1
e 5 10 1
e 6 11 1
e 7 12 1
e 12 13 1
t # 29
v 0 16
v 1 41
v 2 92
v 3 94
v 4 130
v 5 155
v 6 38
v 7 50
v 8 162
v 9 183
v 10 176
v 11 127
v 12 138
v 13 29
e 0 1 1
e 0 2 1
e 0 3 1
e 0 4 1
e 0 5 1
e 1 2 1
e 1 6 1
e 2 6 1
e 2 7 1
e 3 4 1
e 3 8 1
e 4 9 1
e 5 10 1
e 7 11 1
e 7 12 1
e 8 11 1
e 12 13 1
t # 30
v 0 3
v 1 23
v 2 31
v 3 49
v 4 84
v 5 87
v 6 110
v 7 136
v 8 37
v 9 69
v 10 121
v 11 170
v 12 4
v 13 60
v 14 76
v 15 108
v 16 175
v 17 58
v 18 182
v 19 188
v 20 46
v 21 161
v 22 180
v 23 105
v 24 128
v 25 120
v 26 145
v 27 85
v 28 132
v 29 183
v 30 9
v 31 12
v 32 111
v 33 123
v 34 124
v 35 177
v 36 54
v 37 17
v 38 130
v 39 71
v 40 129
v 41 81
v 42 133
v 43 56
v 44 153
v 45 103
e 0 1 1
e 0 2 1
e 0 3 1
e 0 4 1
e 0 5 1
e 0 6 1
e 0 7 1
e 1 2 1
e 1 3 1
e 1 5 1
e 1 6 1
e 1 7 1
e 1 8 1
e 1 9 1
e 1 10 1
e 1 11 1
e 2 3 1
e 2 4 1
e 2 5 1
e 2 6 1
e 2 7 1
e 2 9 1
e 2 11 1
e 3 4 1
e 3 5 1
e 3 6 1
e 3 7 1
e 3 9 1
e 3 10 1
e 3 11 1
e 4 6 1
e 5 6 1
e 5 7 1
e 6 7 1
e 6 9 1
e 6 10 1
e 6 11 1
e 7 8 1
e 7 9 1
e 7 10 1
e 7 11 1
e 7 12 1
e 7 13 1
e 7 14 1
e 7 15 1
e 7 16 1
e 8 10 1
e 8 17 1
e 8 18 1
e 8 19 1
e 9 10 1
e 9 11 1
e 10 13 1
e 10 14 1
e 10 15 1
e 10 16 1
e 10 17 1
e 10 19 1
e 10 20 1
e 10 21 1
e 10 22 1
e 12 13 1
e 12 15 1
e 12 16 1
e 12 23 1
e 12 24 1
e 13 16 1
e 13 19 1
e 13 20 1
e 13 24 1
e 13 25 1
e 13 26 1
e 14 15 1
e 14 16 1
e 14 21 1
e 14 22 1
e 14 27 1
e 14 28 1
e 15 16 1
e 15 24 1
e 16 24 1
e 16 26 1
e 17 18 1
e 17 29 1
e 19 20 1
e 19 30 1
e 19 31 1
e 19 32 1
e 19 33 1
e 20 30 1
e 20 31 1
e 20 32 1
e 21 22 1
e 21 34 1
e 21 35 1
e 22 27 1
e 22 28 1
e 23 36 1
e 27 28 1
e 29 34 1
e 29 35 1
e 29 37 1
e 29 38 1
e 30 32 1
e 31 39 1
e 31 40 1
e 32 41 1
e 33 42 1
e 34 35 1
e 35 43 1
e 35 44 1
e 37 38 1
e 40 45 1
t # 31
v 0 38
v 1 41
v 2 54
v 3 92
v 4 114
v 5 50
v 6 127
v 7 162
v 8 176
e 0 1 1
e 0 2 1
e 0 3 1
e 0 4 1
e 1 4 1
e 3 5 1
e 3 6 1
e 4 7 1
e 5 8 1
e 6 7 1
t # 32
v 0 3
v 1 84
v 2 31
v 3 49
v 4 136
v 5 110
v 6 23
v 7 170
v 8 37
v 9 121
v 10 17
v 11 58
v 12 183
v 13 130
v 14 168
v 15 8
v 16 47
v 17 57
v 18 188
v 19 46
v 20 123
v 21 30
v 22 133
v 23 18
v 24 101
v 25 102
v 26 83
v 27 74
e 0 1 1
e 1 2 1
e 1 3 1
e 2 3 1
e 2 4 1
e 3 5 1
e 4 6 1
e 4 7 1
e 6 8 1
e 6 9 1
e 8 10 1
e 8 11 1
e 8 12 1
e 9 11 1
e 10 12 1
e 10 13 1
e 10 14 1
e 11 12 1
e 11 15 1
e 12 13 1
e 13 14 1
e 14 16 1
e 15 17 1
e 16 18 1
e 18 19 1
e 18 20 1
e 19 21 1
e 20 22 1
e 21 23 1
e 23 24 1
e 24 25 1
e 25 26 1
e 26 27 1
t # 33
v 0 3
v 1 31
v 2 49
v 3 84
v 4 110
v 5 87
v 6 135
v 7 136
v 8 170
v 9 69
v 10 98
v 11 23
v 12 76
v 13 121
v 14 85
v 15 161
e 0 1 1
e 0 2 1
e 0 3 1
e 0 4 1
e 1 2 1
e 1 3 1
e 1 4 1
e 1 5 1
e 1 6 1
e 1 7 1
e 1 8 1
e 2 3 1
e 2 4 1
e 2 5 1
e 2 6 1
e 3 6 1
e 4 5 1
e 5 7 1
e 5 8 1
e 5 9 1
e 5 10 1
e 7 8 1
e 7 9 1
e 7 11 1
e 7 12 1
e 7 13 1
e 8 9 1
e 8 11 1
e 8 12 1
e 8 13 1
e 8 14 1
e 9 11 1
e 9 12 1
e 9 13 1
e 9 14 1
e 11 12 1
e 11 13 1
e 11 14 1
e 12 13 1
e 12 14 1
e 13 14 1
e 14 15 1
t # 34
v 0 12
v 1 71
v 2 129
v 3 103
v 4 29
v 5 138
v 6 16
v 7 50
v 8 130
v 9 92
v 10 155
v 11 176
v 12 17
v 13 183
v 14 127
v 15 37
v 16 58
v 17 38
v 18 94
v 19 162
v 20 121
v 21 41
v 22 114
v 23 161
v 24 139
v 25 126
v 26 105
v 27 119
v 28 54
e 0 1 1
e 0 2 1
e 1 3 1
e 2 3 1
e 3 4 1
e 3 5 1
e 4 5 1
e 4 6 1
e 4 7 1
e 4 8 1
e 5 7 1
e 6 7 1
e 6 9 1
e 6 10 1
e 6 11 1
e 7 9 1
e 7 10 1
e 7 11 1
e 8 12 1
e 8 13 1
e 9 11 1
e 9 14 1
e 10 11 1
e 12 15 1
e 13 15 1
e 13 16 1
e 14 17 1
e 14 18 1
e 14 19 1
e 15 16 1
e 15 20 1
e 16 20 1
e 17 18 1
e 17 19 1
e 17 21 1
e 17 22 1
e 18 19 1
e 18 21 1
e 19 22 1
e 20 23 1
e 21 24 1
e 22 24 1
e 22 25 1
e 25 26 1
e 25 27 1
e 26 27 1
e 27 28 1
t # 35
v 0 16
v 1 17
v 2 92
v 3 130
v 4 155
v 5 183
v 6 50
v 7 37
v 8 47
v 9 58
v 10 121
v 11 136
v 12 29
v 13 151
v 14 23
v 15 103
v 16 69
v 17 138
v 18 170
v 19 129
e 0 1 1
e 0 2 1
e 0 3 1
e 0 4 1
e 1 3 1
e 1 4 1
e 1 5 1
e 2 3 1
e 2 6 1
e 3 5 1
e 5 7 1
e 5 8 1
e 5 9 1
e 5 10 1
e 5 11 1
e 6 12 1
e 7 9 1
e 7 10 1
e 7 11 1
e 8 13 1
e 9 10 1
e 10 11 1
e 10 14 1
e 11 14 1
e 12 15 1
e 14 16 1
e 15 17 1
e 16 18 1
e 17 19 1
t # 36
v 0 1
v 1 77
v 2 35
v 3 118
v 4 167
v 5 13
v 6 171
v 7 184
e 0 1 1
e 1 2 1
e 1 3 1
e 1 4 1
e 2 3 1
e 2 4 1
e 3 4 1
e 3 5 1
e 3 6 1
e 4 6 1
e 5 7 1
t # 37
v 0 11
v 1 101
v 2 18
v 3 65
v 4 91
v 5 83
v 6 73
v 7 97
v 8 152
v 9 21
v 10 80
v 11 57
e 0 1 1
e 1 2 1
e 1 3 1
e 2 4 1
e 3 5 1
e 4 6 1
e 4 7 1
e 4 8 1
e 5 9 1
e 5 10 1
e 6 11 1
e 7 8 1
t # 38
v 0 3
v 1 31
v 2 84
v 3 49
v 4 69
v 5 110
v 6 87
v 7 170
v 8 23
v 9 136
v 10 121
e 0 1 1
e 0 2 1
e 1 3 1
e 1 4 1
e 1 5 1
e 3 4 1
e 3 5 1
e 4 6 1
e 4 7 1
e 7 8 1
e 8 9 1
e 9 10 1
t # 39
v 0 11
v 1 13
v 2 101
v 3 30
v 4 43
v 5 83
v 6 65
v 7 102
e 0 1 1
e 0 2 1
e 1 2 1
e 1 3 1
e 2 4 1
e 2 5 1
e 5 6 1
e 5 7 1
t # 40
v 0 3
v 1 31
v 2 84
v 3 49
v 4 110
v 5 170
v 6 142
v 7 87
v 8 23
v 9 136
v 10 174
v 11 69
v 12 85
v 13 121
v 14 76
v 15 161
v 16 180
v 17 132
e 0 1 1
e 0 2 1
e 1 2 1
e 1 3 1
e 1 4 1
e 1 5 1
e 2 3 1
e 2 6 1
e 3 4 1
e 3 6 1
e 4 7 1
e 5 8 1
e 5 9 1
e 6 10 1
e 7 11 1
e 7 12 1
e 8 9 1
e 8 13 1
e 9 13 1
e 12 14 1
e 12 15 1
e 12 16 1
e 14 16 1
e 14 17 1
e 15 16 1
e 16 17 1
t # 41
v 0 12
v 1 71
v 2 129
v 3 103
v 4 154
v 5 19
v 6 29
v 7 55
v 8 96
v 9 143
v 10 50
v 11 92
v 12 44
v 13 138
v 14 155
v 15 176
v 16 16
v 17 38
v 18 127
v 19 17
v 20 94
v 21 162
v 22 130
e 0 1 1
e 0 2 1
e 2 3 1
e 2 4 1
e 3 5 1
e 3 6 1
e 4 7 1
e 4 8 1
e 4 9 1
e 5 6 1
e 6 10 1
e 6 11 1
e 7 12 1
e 8 9 1
e 8 12 1
e 10 11 1
e 10 13 1
e 10 14 1
e 10 15 1
e 11 14 1
e 11 15 1
e 11 16 1
e 11 17 1
e 11 18 1
e 14 15 1
e 14 16 1
e 14 19 1
e 15 16 1
e 15 18 1
e 16 19 1
e 16 20 1
e 17 21 1
e 18 21 1
e 19 22 1
t # 42
v 0 7
v 1 63
v 2 186
v 3 18
v 4 113
v 5 123
v 6 178
v 7 101
v 8 133
v 9 30
e 0 1 1
e 0 2 1
e 1 2 1
e 1 3 1
e 2 4 1
e 2 5 1
e 2 6 1
e 3 7 1
e 5 8 1
e 7 9 1
t # 43
v 0 7
v 1 62
v 2 63
v 3 97
v 4 186
v 5 100
v 6 110
v 7 152
v 8 18
v 9 178
v 10 30
v 11 113
v 12 101
v 13 146
v 14 23
v 15 31
v 16 49
v 17 69
v 18 117
v 19 160
v 20 170
v 21 43
v 22 102
v 23 91
v 24 136
v 25 87
v 26 51
v 27 85
v 28 11
v 29 65
v 30 80
v 31 59
v 32 83
v 33 123
v 34 133
v 35 161
v 36 148
v 37 76
v 38 180
v 39 46
v 40 188
v 41 121
v 42 15
v 43 132
e 0 1 1
e 0 2 1
e 0 3 1
e 0 4 1
e 1 5 1
e 1 6 1
e 2 3 1
e 2 4 1
e 2 5 1
e 2 7 1
e 3 4 1
e 3 5 1
e 3 7 1
e 3 8 1
e 3 9 1
e 4 5 1
e 4 8 1
e 4 9 1
e 4 10 1
e 4 11 1
e 5 8 1
e 5 9 1
e 5 10 1
e 5 11 1
e 5 12 1
e 5 13 1
e 6 14 1
e 6 15 1
e 6 16 1
e 6 17 1
e 6 18 1
e 6 19 1
e 6 20 1
e 7 8 1
e 7 9 1
e 7 16 1
e 8 9 1
e 8 10 1
e 8 12 1
e 8 16 1
e 8 18 1
e 9 13 1
e 10 11 1
e 10 12 1
e 11 12 1
e 11 21 1
e 11 22 1
e 12 21 1
e 14 15 1
e 14 17 1
e 14 20 1
e 14 23 1
e 14 24 1
e 15 16 1
e 15 17 1
e 15 18 1
e 15 19 1
e 15 20 1
e 15 23 1
e 16 18 1
e 16 23 1
e 17 20 1
e 17 25 1
e 18 23 1
e 19 23 1
e 19 26 1
e 20 25 1
e 20 27 1
e 21 22 1
e 21 28 1
e 21 29 1
e 21 30 1
e 22 28 1
e 22 29 1
e 22 31 1
e 22 32 1
e 23 33 1
e 23 34 1
e 24 35 1
e 25 36 1
e 27 37 1
e 27 38 1
e 28 29 1
e 28 30 1
e 28 31 1
e 28 32 1
e 29 30 1
e 29 31 1
e 29 32 1
e 30 32 1
e 31 32 1
e 33 34 1
e 33 39 1
e 33 40 1
e 34 40 1
e 35 37 1
e 35 41 1
e 38 42 1
e 38 43 1
e 39 40 1
t # 44
v 0 3
v 1 31
v 2 84
v 3 142
v 4 174
v 5 49
v 6 87
v 7 110
v 8 170
v 9 125
v 10 62
v 11 173
v 12 69
v 13 148
v 14 76
v 15 79
v 16 23
v 17 73
v 18 85
v 19 185
v 20 24
v 21 132
v 22 180
v 23 136
v 24 57
v 25 123
v 26 133
v 27 91
v 28 172
v 29 117
v 30 160
v 31 18
v 32 186
v 33 144
v 34 63
v 35 101
v 36 113
v 37 152
v 38 7
v 39 97
v 40 124
v 41 178
v 42 52
v 43 161
e 0 1 1
e 0 2 1
e 0 3 1
e 0 4 1
e 1 5 1
e 1 6 1
e 1 7 1
e 1 8 1
e 2 3 1
e 2 9 1
e 3 4 1
e 5 6 1
e 5 7 1
e 5 10 1
e 5 11 1
e 6 7 1
e 6 8 1
e 6 12 1
e 6 13 1
e 7 10 1
e 7 11 1
e 7 14 1
e 7 15 1
e 8 12 1
e 8 16 1
e 9 17 1
e 10 11 1
e 10 14 1
e 13 18 1
e 13 19 1
e 14 18 1
e 14 20 1
e 14 21 1
e 14 22 1
e 16 23 1
e 17 24 1
e 17 25 1
e 17 26 1
e 18 20 1
e 18 21 1
e 18 22 1
e 20 21 1
e 20 22 1
e 21 22 1
e 25 26 1
e 26 27 1
e 26 28 1
e 27 29 1
e 28 30 1
e 29 31 1
e 29 32 1
e 30 33 1
e 31 32 1
e 31 34 1
e 31 35 1
e 31 36 1
e 33 37 1
e 34 38 1
e 35 36 1
e 37 39 1
e 37 40 1
e 37 41 1
e 39 40 1
e 39 41 1
e 40 41 1
e 40 42 1
e 41 43 1
t # 45
v 0 3
v 1 31
v 2 84
v 3 142
v 4 49
v 5 87
v 6 110
v 7 170
v 8 173
v 9 85
v 10 148
v 11 180
v 12 23
v 13 27
v 14 69
v 15 76
v 16 136
v 17 15
v 18 132
v 19 37
v 20 113
v 21 121
v 22 183
v 23 4
v 24 58
v 25 60
v 26 105
v 27 108
v 28 126
v 29 128
v 30 145
v 31 147
v 32 175
v 33 177
v 34 17
v 35 179
v 36 130
v 37 166
v 38 5
v 39 39
v 40 75
v 41 119
v 42 56
v 43 53
v 44 182
v 45 131
v 46 155
v 47 63
v 48 151
v 49 16
v 50 7
v 51 97
e 0 1 1
e 0 2 1
e 0 3 1
e 1 3 1
e 1 4 1
e 1 5 1
e 1 6 1
e 1 7 1
e 3 4 1
e 4 5 1
e 4 6 1
e 4 8 1
e 5 6 1
e 5 9 1
e 5 10 1
e 5 11 1
e 6 11 1
e 7 12 1
e 7 13 1
e 7 14 1
e 7 15 1
e 7 16 1
e 8 17 1
e 9 11 1
e 9 18 1
e 10 11 1
e 11 18 1
e 12 15 1
e 12 16 1
e 12 19 1
e 12 20 1
e 12 21 1
e 12 22 1
e 13 15 1
e 13 21 1
e 13 22 1
e 13 23 1
e 13 24 1
e 13 25 1
e 13 26 1
e 13 27 1
e 13 28 1
e 13 29 1
e 13 30 1
e 13 31 1
e 13 32 1
e 14 15 1
e 15 16 1
e 15 21 1
e 15 22 1
e 16 20 1
e 18 33 1
e 19 21 1
e 19 22 1
e 19 30 1
e 19 34 1
e 21 22 1
e 21 24 1
e 21 25 1
e 21 30 1
e 21 34 1
e 21 35 1
e 22 24 1
e 22 30 1
e 22 34 1
e 22 36 1
e 23 25 1
e 23 26 1
e 23 27 1
e 23 28 1
e 23 30 1
e 23 31 1
e 23 32 1
e 24 30 1
e 24 31 1
e 25 26 1
e 25 27 1
e 25 28 1
e 25 30 1
e 25 31 1
e 25 32 1
e 25 37 1
e 26 27 1
e 26 28 1
e 26 31 1
e 26 38 1
e 26 39 1
e 26 40 1
e 26 41 1
e 27 28 1
e 27 30 1
e 27 31 1
e 27 39 1
e 27 40 1
e 27 41 1
e 27 42 1
e 28 30 1
e 28 31 1
e 28 32 1
e 29 30 1
e 30 31 1
e 30 43 1
e 30 44 1
e 31 32 1
e 31 37 1
e 31 41 1
e 31 42 1
e 31 43 1
e 31 44 1
e 33 35 1
e 33 45 1
e 34 36 1
e 34 46 1
e 35 42 1
e 35 45 1
e 35 47 1
e 36 46 1
e 37 42 1
e 38 39 1
e 42 44 1
e 44 48 1
e 46 49 1
e 47 50 1
e 47 51 1
e 50 51 1
t # 46
v 0 16
v 1 38
v 2 41
v 3 50
v 4 92
v 5 94
v 6 127
v 7 155
v 8 176
v 9 162
v 10 166
e 0 1 1
e 0 2 1
e 0 3 1
e 0 4 1
e 0 5 1
e 0 6 1
e 0 7 1
e 0 8 1
e 1 2 1
e 1 3 1
e 1 4 1
e 1 5 1
e 1 6 1
e 1 9 1
e 2 3 1
e 2 4 1
e 2 5 1
e 2 6 1
e 2 7 1
e 2 9 1
e 3 4 1
e 3 5 1
e 3 6 1
e 3 7 1
e 3 8 1
e 4 5 1
e 4 6 1
e 4 7 1
e 4 8 1
e 4 10 1
e 5 6 1
e 5 7 1
e 5 9 1
e 6 8 1
e 6 9 1
e 7 8 1
t # 47
v 0 4
v 1 60
v 2 108
v 3 27
v 4 166
v 5 119
v 6 126
v 7 36
v 8 147
v 9 175
v 10 105
v 11 145
v 12 81
v 13 146
v 14 189
e 0 1 1
e 0 2 1
e 1 2 1
e 1 3 1
e 1 4 1
e 2 3 1
e 2 4 1
e 2 5 1
e 2 6 1
e 3 4 1
e 3 6 1
e 3 7 1
e 3 8 1
e 3 9 1
e 4 9 1
e 5 10 1
e 6 9 1
e 6 11 1
e 7 12 1
e 7 13 1
e 8 11 1
e 11 14 1
t # 48
v 0 3
v 1 31
v 2 84
v 3 136
v 4 23
v 5 24
v 6 69
v 7 170
v 8 121
v 9 87
v 10 110
v 11 76
v 12 49
v 13 161
e 0 1 1
e 0 2 1
e 0 3 1
e 1 2 1
e 1 3 1
e 1 4 1
e 1 5 1
e 1 6 1
e 1 7 1
e 3 4 1
e 3 8 1
e 5 9 1
e 5 10 1
e 6 7 1
e 7 9 1
e 8 11 1
e 10 12 1
e 11 13 1
t # 49
v 0 4
v 1 126
v 2 145
v 3 175
v 4 108
v 5 119
v 6 128
v 7 27
v 8 134
v 9 147
v 10 105
v 11 158
e 0 1 1
e 0 2 1
e 0 3 1
e 1 4 1
e 1 5 1
e 2 4 1
e 2 6 1
e 3 7 1
e 3 8 1
e 4 5 1
e 4 9 1
e 5 10 1
e 8 11 1
t # 50
v 0 41
v 1 94
v 2 114
v 3 162
v 4 45
v 5 139
v 6 127
e 0 1 1
e 0 2 1
e 1 3 1
e 2 4 1
e 2 5 1
e 3 6 1
t # 51
v 0 1
v 1 35
v 2 77
v 3 89
v 4 133
v 5 137
v 6 187
v 7 171
v 8 118
v 9 116
v 10 70
v 11 85
v 12 86
v 13 139
v 14 172
v 15 26
v 16 28
v 17 48
v 18 11
v 19 43
v 20 59
v 21 122
v 22 76
v 23 121
v 24 161
v 25 170
v 26 114
v 27 106
v 28 104
v 29 83
v 30 102
v 31 21
v 32 80
v 33 74
v 34 101
v 35 69
v 36 124
v 37 23
v 38 136
v 39 65
v 40 30
v 41 18
v 42 31
v 43 113
v 44 158
v 45 128
v 46 134
e 0 1 1
e 0 2 1
e 0 3 1
e 0 4 1
e 0 5 1
e 0 6 1
e 1 2 1
e 1 3 1
e 1 5 1
e 1 6 1
e 1 7 1
e 2 5 1
e 2 6 1
e 2 7 1
e 2 8 1
e 3 4 1
e 3 6 1
e 3 9 1
e 4 6 1
e 4 9 1
e 4 10 1
e 4 11 1
e 4 12 1
e 4 13 1
e 4 14 1
e 5 6 1
e 5 7 1
e 9 15 1
e 9 16 1
e 9 17 1
e 10 18 1
e 10 19 1
e 10 20 1
e 10 21 1
e 11 22 1
e 11 23 1
e 11 24 1
e 11 25 1
e 13 26 1
e 14 15 1
e 14 27 1
e 15 17 1
e 15 23 1
e 16 17 1
e 17 22 1
e 17 28 1
e 18 19 1
e 18 20 1
e 18 21 1
e 18 29 1
e 18 30 1
e 19 20 1
e 19 29 1
e 19 31 1
e 19 32 1
e 20 29 1
e 20 33 1
e 21 29 1
e 21 34 1
e 22 23 1
e 22 25 1
e 22 35 1
e 22 36 1
e 23 24 1
e 23 37 1
e 24 36 1
e 25 35 1
e 25 37 1
e 25 38 1
e 29 39 1
e 30 40 1
e 34 41 1
e 37 38 1
e 37 42 1
e 38 42 1
e 40 43 1
e 40 44 1
e 41 44 1
e 41 45 1
e 44 45 1
e 44 46 1
e 45 46 1
t # 52
v 0 23
v 1 31
v 2 49
v 3 69
v 4 110
v 5 121
v 6 136
v 7 170
v 8 84
v 9 87
v 10 148
v 11 76
v 12 161
v 13 180
e 0 1 1
e 0 2 1
e 0 3 1
e 0 4 1
e 0 5 1
e 0 6 1
e 0 7 1
e 1 2 1
e 1 3 1
e 1 4 1
e 1 7 1
e 1 8 1
e 1 9 1
e 2 3 1
e 2 4 1
e 2 7 1
e 2 8 1
e 2 9 1
e 2 10 1
e 3 4 1
e 3 6 1
e 3 7 1
e 4 7 1
e 4 8 1
e 4 9 1
e 4 10 1
e 5 11 1
e 6 7 1
e 9 10 1
e 11 12 1
e 12 13 1
t # 53
v 0 3
v 1 23
v 2 49
v 3 84
v 4 136
v 5 31
v 6 69
v 7 110
v 8 142
v 9 170
v 10 174
e 0 1 1
e 0 2 1
e 0 3 1
e 0 4 1
e 1 2 1
e 1 4 1
e 1 5 1
e 1 6 1
e 1 7 1
e 1 8 1
e 2 4 1
e 2 5 1
e 2 6 1
e 2 7 1
e 4 6 1
e 4 7 1
e 5 6 1
e 6 7 1
e 6 9 1
e 7 10 1
e 8 10 1
t # 54
v 0 3
v 1 84
v 2 31
v 3 49
v 4 23
v 5 69
v 6 110
v 7 136
v 8 87
v 9 148
v 10 121
v 11 170
v 12 135
v 13 58
e 0 1 1
e 1 2 1
e 1 3 1
e 2 3 1
e 2 4 1
e 2 5 1
e 2 6 1
e 2 7 1
e 3 4 1
e 3 6 1
e 3 8 1
e 3 9 1
e 4 7 1
e 4 10 1
e 5 11 1
e 6 12 1
e 10 13 1
t # 55
v 0 4
v 1 27
v 2 60
v 3 108
v 4 119
v 5 147
v 6 166
v 7 175
v 8 100
v 9 126
v 10 134
v 11 54
v 12 105
v 13 114
v 14 118
v 15 150
v 16 148
v 17 20
v 18 75
v 19 171
v 20 86
v 21 38
v 22 41
v 23 64
v 24 87
v 25 185
v 26 16
v 27 79
v 28 92
v 29 93
v 30 94
v 31 162
v 32 127
v 33 155
v 34 176
v 35 50
v 36 130
v 37 17
v 38 88
e 0 1 1
e 0 2 1
e 0 3 1
e 0 4 1
e 0 5 1
e 0 6 1
e 0 7 1
e 1 5 1
e 1 6 1
e 1 7 1
e 1 8 1
e 1 9 1
e 1 10 1
e 2 6 1
e 2 7 1
e 3 4 1
e 3 6 1
e 3 7 1
e 3 9 1
e 3 11 1
e 3 12 1
e 4 6 1
e 4 7 1
e 4 9 1
e 4 11 1
e 4 12 1
e 4 13 1
e 4 14 1
e 4 15 1
e 5 7 1
e 6 7 1
e 6 12 1
e 7 11 1
e 7 12 1
e 7 13 1
e 7 15 1
e 7 16 1
e 8 9 1
e 11 12 1
e 11 13 1
e 11 14 1
e 11 15 1
e 11 17 1
e 11 18 1
e 12 13 1
e 12 14 1
e 12 15 1
e 12 19 1
e 13 15 1
e 13 16 1
e 13 20 1
e 14 19 1
e 15 17 1
e 15 21 1
e 15 22 1
e 15 23 1
e 16 24 1
e 16 25 1
e 17 23 1
e 18 19 1
e 21 22 1
e 21 26 1
e 21 27 1
e 21 28 1
e 21 29 1
e 21 30 1
e 22 26 1
e 22 27 1
e 22 30 1
e 22 31 1
e 26 28 1
e 26 30 1
e 26 32 1
e 26 33 1
e 26 34 1
e 28 30 1
e 28 32 1
e 28 34 1
e 28 35 1
e 30 31 1
e 30 36 1
e 32 34 1
e 32 35 1
e 33 34 1
e 33 36 1
e 33 37 1
e 34 35 1
e 35 38 1
e 36 37 1
t # 56
v 0 1
v 1 53
v 2 77
v 3 35
v 4 137
v 5 167
v 6 172
v 7 30
v 8 37
v 9 46
v 10 188
v 11 106
v 12 160
v 13 102
v 14 113
v 15 169
v 16 17
v 17 23
v 18 183
v 19 136
v 20 11
v 21 186
v 22 187
v 23 9
v 24 155
v 25 178
v 26 21
v 27 43
v 28 70
v 29 74
v 30 129
v 31 50
v 32 92
v 33 176
v 34 6
v 35 80
v 36 93
v 37 122
v 38 83
v 39 101
v 40 14
v 41 16
v 42 127
v 43 38
v 44 41
v 45 138
v 46 141
v 47 179
v 48 55
v 49 65
v 50 18
v 51 29
v 52 94
v 53 130
v 54 162
v 55 56
v 56 99
v 57 154
e 0 1 1
e 0 2 1
e 2 3 1
e 2 4 1
e 2 5 1
e 2 6 1
e 3 5 1
e 4 7 1
e 4 8 1
e 4 9 1
e 4 10 1
e 6 11 1
e 6 12 1
e 7 13 1
e 7 14 1
e 7 15 1
e 8 9 1
e 8 10 1
e 8 16 1
e 8 17 1
e 8 18 1
e 9 10 1
e 9 19 1
e 13 14 1
e 13 20 1
e 14 21 1
e 14 22 1
e 16 18 1
e 16 23 1
e 16 24 1
e 17 19 1
e 18 19 1
e 19 25 1
e 20 26 1
e 20 27 1
e 20 28 1
e 20 29 1
e 22 30 1
e 24 31 1
e 24 32 1
e 24 33 1
e 26 27 1
e 26 34 1
e 26 35 1
e 26 36 1
e 26 37 1
e 27 28 1
e 27 35 1
e 27 37 1
e 27 38 1
e 27 39 1
e 28 29 1
e 28 37 1
e 28 40 1
e 29 37 1
e 29 40 1
e 31 32 1
e 31 33 1
e 31 41 1
e 31 42 1
e 32 33 1
e 32 41 1
e 32 42 1
e 32 43 1
e 32 44 1
e 32 45 1
e 34 35 1
e 34 36 1
e 34 46 1
e 34 47 1
e 35 46 1
e 36 46 1
e 36 48 1
e 37 39 1
e 37 40 1
e 37 47 1
e 38 39 1
e 38 49 1
e 39 50 1
e 41 42 1
e 41 43 1
e 41 44 1
e 41 45 1
e 41 51 1
e 41 52 1
e 41 53 1
e 42 54 1
e 43 44 1
e 43 52 1
e 44 52 1
e 44 53 1
e 45 51 1
e 46 48 1
e 47 55 1
e 48 56 1
e 48 57 1
e 52 53 1
t # 57
v 0 16
v 1 155
v 2 17
v 3 50
v 4 176
v 5 37
v 6 130
v 7 144
v 8 92
v 9 183
v 10 121
v 11 136
v 12 58
v 13 23
v 14 69
v 15 170
v 16 76
v 17 85
v 18 132
v 19 180
e 0 1 1
e 1 2 1
e 1 3 1
e 1 4 1
e 2 5 1
e 2 6 1
e 2 7 1
e 3 4 1
e 3 8 1
e 4 8 1
e 5 6 1
e 5 9 1
e 9 10 1
e 9 11 1
e 10 11 1
e 10 12 1
e 11 13 1
e 11 14 1
e 11 15 1
e 13 14 1
e 13 15 1
e 14 15 1
e 14 16 1
e 16 17 1
e 16 18 1
e 16 19 1
e 17 18 1
e 17 19 1
e 18 19 1
t # 58
v 0 3
v 1 31
v 2 49
v 3 84
v 4 23
v 5 69
v 6 87
v 7 110
v 8 170
v 9 136
v 10 142
v 11 76
v 12 180
v 13 121
v 14 132
v 15 161
v 16 177
v 17 24
e 0 1 1
e 0 2 1
e 0 3 1
e 1 2 1
e 1 3 1
e 1 4 1
e 1 5 1
e 1 6 1
e 1 7 1
e 1 8 1
e 2 3 1
e 2 5 1
e 2 6 1
e 2 7 1
e 2 8 1
e 3 4 1
e 3 7 1
e 4 7 1
e 4 9 1
e 4 10 1
e 5 6 1
e 5 7 1
e 5 8 1
e 5 11 1
e 6 7 1
e 6 8 1
e 7 8 1
e 7 12 1
e 9 10 1
e 9 13 1
e 11 12 1
e 11 13 1
e 11 14 1
e 12 14 1
e 13 15 1
e 13 16 1
e 14 17 1
t # 59
v 0 4
v 1 5
v 2 48
v 3 60
v 4 166
v 5 21
v 6 39
v 7 26
v 8 40
v 9 120
v 10 11
v 11 104
v 12 10
v 13 13
v 14 142
v 15 158
v 16 174
e 0 1 1
e 0 2 1
e 0 3 1
e 0 4 1
e 1 3 1
e 1 5 1
e 1 6 1
e 2 3 1
e 2 7 1
e 2 8 1
e 3 9 1
e 5 10 1
e 8 11 1
e 9 12 1
e 9 13 1
e 12 14 1
e 13 15 1
e 14 16 1
t # 60
v 0 7
v 1 18
v 2 30
v 3 73
v 4 91
v 5 123
v 6 133
v 7 178
v 8 100
v 9 101
v 10 113
v 11 146
v 12 117
v 13 125
v 14 144
v 15 177
v 16 86
v 17 107
v 18 172
v 19 188
v 20 95
v 21 186
v 22 36
v 23 44
v 24 153
v 25 173
v 26 62
v 27 160
v 28 46
v 29 42
v 30 122
v 31 15
v 32 110
v 33 180
v 34 21
v 35 59
v 36 65
v 37 80
v 38 49
v 39 11
v 40 74
v 41 83
v 42 102
v 43 31
v 44 87
e 0 1 1
e 1 2 1
e 1 3 1
e 1 4 1
e 1 5 1
e 1 6 1
e 1 7 1
e 2 7 1
e 2 8 1
e 2 9 1
e 2 10 1
e 2 11 1
e 3 4 1
e 3 5 1
e 3 6 1
e 3 12 1
e 3 13 1
e 3 14 1
e 3 15 1
e 4 5 1
e 4 6 1
e 4 12 1
e 4 15 1
e 4 16 1
e 4 17 1
e 4 18 1
e 5 6 1
e 5 12 1
e 5 16 1
e 5 17 1
e 6 18 1
e 6 19 1
e 7 8 1
e 7 11 1
e 7 12 1
e 7 20 1
e 8 11 1
e 8 12 1
e 8 21 1
e 11 12 1
e 11 22 1
e 12 20 1
e 12 23 1
e 15 18 1
e 15 24 1
e 17 25 1
e 18 26 1
e 18 27 1
e 19 28 1
e 21 29 1
e 24 26 1
e 24 30 1
e 25 26 1
e 25 31 1
e 25 32 1
e 25 33 1
e 26 32 1
e 30 34 1
e 30 35 1
e 30 36 1
e 30 37 1
e 31 33 1
e 32 38 1
e 34 35 1
e 34 37 1
e 34 39 1
e 34 40 1
e 34 41 1
e 34 42 1
e 35 36 1
e 35 41 1
e 36 37 1
e 36 41 1
e 36 42 1
e 37 41 1
e 37 42 1
e 38 43 1
e 38 44 1
e 39 41 1
e 39 42 1
e 41 42 1
t # 61
v 0 4
v 1 175
v 2 27
v 3 126
v 4 45
v 5 108
v 6 145
v 7 114
v 8 119
v 9 147
v 10 105
v 11 128
v 12 54
v 13 134
e 0 1 1
e 1 2 1
e 1 3 1
e 2 3 1
e 2 4 1
e 2 5 1
e 3 4 1
e 3 6 1
e 4 7 1
e 5 7 1
e 5 8 1
e 5 9 1
e 8 10 1
e 9 11 1
e 10 12 1
e 11 13 1
t # 62
v 0 5
v 1 26
v 2 60
v 3 28
v 4 48
v 5 116
v 6 32
v 7 89
v 8 172
v 9 123
v 10 133
v 11 115
v 12 77
v 13 137
v 14 167
e 0 1 1
e 0 2 1
e 1 2 1
e 1 3 1
e 1 4 1
e 1 5 1
e 2 6 1
e 2 7 1
e 2 8 1
e 3 5 1
e 4 9 1
e 6 7 1
e 6 8 1
e 6 10 1
e 7 8 1
e 7 11 1
e 8 10 1
e 11 12 1
e 12 13 1
e 12 14 1
e 13 14 1
t # 63
v 0 12
v 1 68
v 2 129
v 3 19
v 4 103
v 5 29
v 6 16
v 7 127
v 8 155
v 9 44
v 10 50
v 11 92
v 12 138
v 13 38
v 14 41
v 15 176
v 16 55
v 17 96
v 18 154
v 19 94
v 20 114
v 21 72
v 22 17
v 23 162
v 24 45
v 25 86
v 26 130
v 27 105
v 28 168
v 29 119
v 30 75
e 0 1 1
e 0 2 1
e 1 2 1
e 1 3 1
e 1 4 1
e 2 3 1
e 2 4 1
e 2 5 1
e 3 4 1
e 3 5 1
e 3 6 1
e 3 7 1
e 3 8 1
e 4 5 1
e 5 6 1
e 5 7 1
e 5 8 1
e 5 9 1
e 5 10 1
e 5 11 1
e 5 12 1
e 6 7 1
e 6 8 1
e 6 10 1
e 6 11 1
e 6 13 1
e 6 14 1
e 6 15 1
e 7 8 1
e 7 10 1
e 7 11 1
e 7 13 1
e 7 15 1
e 8 10 1
e 8 11 1
e 8 13 1
e 8 15 1
e 9 16 1
e 9 17 1
e 9 18 1
e 10 11 1
e 10 15 1
e 11 13 1
e 11 15 1
e 12 16 1
e 13 14 1
e 13 19 1
e 14 19 1
e 14 20 1
e 16 17 1
e 16 18 1
e 16 21 1
e 17 18 1
e 17 21 1
e 19 22 1
e 19 23 1
e 20 23 1
e 20 24 1
e 20 25 1
e 22 26 1
e 23 25 1
e 24 27 1
e 24 28 1
e 27 29 1
e 28 30 1
t # 64
v 0 3
v 1 31
v 2 49
v 3 84
v 4 23
v 5 87
v 6 110
v 7 121
v 8 136
v 9 170
v 10 183
v 11 76
v 12 39
v 13 69
v 14 148
v 15 185
v 16 17
v 17 37
v 18 94
v 19 99
v 20 130
v 21 132
v 22 5
v 23 51
v 24 72
v 25 95
v 26 173
v 27 134
v 28 189
v 29 7
v 30 144
v 31 159
v 32 9
v 33 16
v 34 46
v 35 155
v 36 169
v 37 24
v 38 180
v 39 108
v 40 158
v 41 55
v 42 96
v 43 15
v 44 25
v 45 62
v 46 4
v 47 27
v 48 53
v 49 128
v 50 145
v 51 163
v 52 63
v 53 97
v 54 111
v 55 115
v 56 38
v 57 92
v 58 176
v 59 188
v 60 22
v 61 126
v 62 147
v 63 175
v 64 93
v 65 154
v 66 184
v 67 60
v 68 166
v 69 143
v 70 34
e 0 1 1
e 0 2 1
e 0 3 1
e 1 2 1
e 1 3 1
e 1 4 1
e 1 5 1
e 1 6 1
e 2 3 1
e 2 4 1
e 2 5 1
e 2 6 1
e 3 6 1
e 4 6 1
e 4 7 1
e 4 8 1
e 4 9 1
e 4 10 1
e 5 6 1
e 5 9 1
e 7 11 1
e 8 9 1
e 8 10 1
e 8 11 1
e 8 12 1
e 9 13 1
e 9 14 1
e 9 15 1
e 10 12 1
e 10 16 1
e 10 17 1
e 10 18 1
e 10 19 1
e 10 20 1
e 11 21 1
e 12 22 1
e 13 14 1
e 13 15 1
e 14 15 1
e 14 23 1
e 14 24 1
e 14 25 1
e 14 26 1
e 15 25 1
e 15 27 1
e 15 28 1
e 16 17 1
e 16 18 1
e 16 20 1
e 16 29 1
e 17 30 1
e 18 20 1
e 19 31 1
e 20 28 1
e 20 32 1
e 20 33 1
e 20 34 1
e 20 35 1
e 20 36 1
e 21 37 1
e 21 38 1
e 22 39 1
e 22 40 1
e 23 25 1
e 24 41 1
e 24 42 1
e 25 43 1
e 25 44 1
e 26 43 1
e 26 45 1
e 27 28 1
e 27 33 1
e 27 40 1
e 27 46 1
e 27 47 1
e 27 48 1
e 27 49 1
e 27 50 1
e 28 35 1
e 28 36 1
e 28 51 1
e 29 52 1
e 29 53 1
e 32 33 1
e 32 34 1
e 32 48 1
e 32 54 1
e 32 55 1
e 33 34 1
e 33 35 1
e 33 48 1
e 33 56 1
e 33 57 1
e 33 58 1
e 34 35 1
e 34 54 1
e 34 59 1
e 35 43 1
e 35 48 1
e 35 58 1
e 36 60 1
e 39 46 1
e 39 47 1
e 39 61 1
e 39 62 1
e 39 63 1
e 40 47 1
e 40 49 1
e 40 50 1
e 41 42 1
e 41 64 1
e 42 65 1
e 43 44 1
e 43 58 1
e 43 66 1
e 44 58 1
e 46 47 1
e 46 49 1
e 46 50 1
e 46 62 1
e 46 63 1
e 46 67 1
e 46 68 1
e 47 50 1
e 47 61 1
e 47 62 1
e 47 63 1
e 47 68 1
e 48 50 1
e 48 54 1
e 48 55 1
e 50 55 1
e 50 62 1
e 54 55 1
e 56 57 1
e 61 62 1
e 61 63 1
e 63 67 1
e 63 68 1
e 65 69 1
e 67 68 1
e 69 70 1
t # 65
v 0 4
v 1 175
v 2 27
v 3 81
v 4 108
v 5 126
v 6 147
v 7 170
v 8 134
v 9 111
v 10 150
v 11 31
v 12 69
v 13 76
v 14 87
v 15 121
v 16 5
v 17 49
v 18 110
v 19 161
v 20 23
v 21 136
v 22 37
v 23 58
v 24 183
e 0 1 1
e 1 2 1
e 1 3 1
e 1 4 1
e 1 5 1
e 1 6 1
e 1 7 1
e 2 4 1
e 2 6 1
e 2 8 1
e 3 9 1
e 3 10 1
e 4 5 1
e 4 6 1
e 4 8 1
e 7 11 1
e 7 12 1
e 7 13 1
e 7 14 1
e 7 15 1
e 10 16 1
e 11 17 1
e 11 18 1
e 12 13 1
e 12 14 1
e 12 15 1
e 13 14 1
e 13 15 1
e 13 19 1
e 15 20 1
e 15 21 1
e 17 18 1
e 20 21 1
e 20 22 1
e 20 23 1
e 21 22 1
e 21 23 1
e 21 24 1
e 22 24 1
t # 66
v 0 1
v 1 187
v 2 12
v 3 43
v 4 30
v 5 42
v 6 46
v 7 101
v 8 102
v 9 82
v 10 123
v 11 11
v 12 83
v 13 21
v 14 139
v 15 80
v 16 19
v 17 151
e 0 1 1
e 1 2 1
e 1 3 1
e 2 4 1
e 2 5 1
e 2 6 1
e 2 7 1
e 2 8 1
e 3 7 1
e 3 8 1
e 4 7 1
e 6 9 1
e 6 10 1
e 7 8 1
e 7 11 1
e 7 12 1
e 8 11 1
e 8 12 1
e 8 13 1
e 10 14 1
e 13 15 1
e 14 16 1
e 16 17 1
t # 67
v 0 3
v 1 84
v 2 31
v 3 49
v 4 110
v 5 69
v 6 170
v 7 23
v 8 76
v 9 121
v 10 136
v 11 161
v 12 133
v 13 188
v 14 183
v 15 132
v 16 180
v 17 46
v 18 131
v 19 17
v 20 37
v 21 58
v 22 130
v 23 85
v 24 177
v 25 155
v 26 16
v 27 94
e 0 1 1
e 1 2 1
e 2 3 1
e 2 4 1
e 3 4 1
e 4 5 1
e 4 6 1
e 5 6 1
e 5 7 1
e 5 8 1
e 5 9 1
e 5 10 1
e 6 9 1
e 7 8 1
e 7 9 1
e 7 10 1
e 8 9 1
e 8 10 1
e 8 11 1
e 9 10 1
e 9 12 1
e 9 13 1
e 10 11 1
e 10 14 1
e 11 15 1
e 11 16 1
e 12 13 1
e 12 17 1
e 13 17 1
e 13 18 1
e 14 19 1
e 14 20 1
e 14 21 1
e 14 22 1
e 15 16 1
e 16 23 1
e 18 24 1
e 19 22 1
e 19 25 1
e 20 21 1
e 22 25 1
e 25 26 1
e 25 27 1
t # 68
v 0 4
v 1 37
v 2 128
v 3 175
v 4 183
v 5 63
v 6 93
v 7 134
v 8 126
v 9 17
v 10 7
v 11 99
v 12 100
v 13 141
v 14 143
v 15 181
v 16 46
v 17 155
v 18 154
v 19 44
v 20 34
v 21 12
v 22 137
v 23 188
v 24 15
v 25 16
v 26 50
v 27 92
v 28 94
v 29 127
v 30 176
v 31 55
v 32 96
v 33 71
v 34 77
v 35 41
v 36 35
v 37 167
e 0 1 1
e 0 2 1
e 0 3 1
e 1 4 1
e 2 5 1
e 2 6 1
e 2 7 1
e 3 8 1
e 4 9 1
e 5 7 1
e 5 10 1
e 5 11 1
e 5 12 1
e 6 13 1
e 6 14 1
e 6 15 1
e 9 16 1
e 9 17 1
e 10 12 1
e 11 13 1
e 11 14 1
e 11 18 1
e 13 15 1
e 13 18 1
e 13 19 1
e 14 18 1
e 14 20 1
e 16 21 1
e 16 22 1
e 16 23 1
e 17 24 1
e 17 25 1
e 17 26 1
e 17 27 1
e 17 28 1
e 17 29 1
e 17 30 1
e 18 19 1
e 18 31 1
e 19 31 1
e 19 32 1
e 21 33 1
e 22 23 1
e 22 34 1
e 24 30 1
e 25 27 1
e 25 28 1
e 25 29 1
e 25 30 1
e 26 27 1
e 26 29 1
e 26 30 1
e 27 29 1
e 27 30 1
e 28 29 1
e 28 35 1
e 29 30 1
e 31 32 1
e 34 36 1
e 34 37 1
e 36 37 1
t # 69
v 0 4
v 1 152
v 2 175
v 3 8
v 4 91
v 5 57
v 6 88
v 7 94
v 8 130
v 9 16
v 10 17
v 11 131
v 12 155
v 13 176
v 14 37
v 15 183
e 0 1 1
e 0 2 1
e 1 2 1
e 1 3 1
e 1 4 1
e 3 5 1
e 4 6 1
e 6 7 1
e 7 8 1
e 8 9 1
e 8 10 1
e 8 11 1
e 9 12 1
e 9 13 1
e 10 12 1
e 10 14 1
e 10 15 1
e 12 13 1
e 14 15 1
t # 70
v 0 9
v 1 148
v 2 155
v 3 25
v 4 34
v 5 51
v 6 95
v 7 158
v 8 185
v 9 15
v 10 16
v 11 17
v 12 94
v 13 176
v 14 143
v 15 96
v 16 41
v 17 50
v 18 92
v 19 37
v 20 130
v 21 183
v 22 55
v 23 72
v 24 154
v 25 44
v 26 121
v 27 23
v 28 58
v 29 136
e 0 1 1
e 0 2 1
e 1 3 1
e 1 4 1
e 1 5 1
e 1 6 1
e 1 7 1
e 1 8 1
e 2 9 1
e 2 10 1
e 2 11 1
e 2 12 1
e 2 13 1
e 3 4 1
e 3 6 1
e 3 8 1
e 3 9 1
e 4 7 1
e 4 8 1
e 4 9 1
e 4 14 1
e 5 6 1
e 5 8 1
e 5 15 1
e 6 8 1
e 6 15 1
e 7 8 1
e 9 14 1
e 10 13 1
e 10 16 1
e 10 17 1
e 10 18 1
e 11 19 1
e 11 20 1
e 11 21 1
e 12 16 1
e 12 20 1
e 13 17 1
e 13 18 1
e 14 15 1
e 14 22 1
e 14 23 1
e 14 24 1
e 15 23 1
e 15 24 1
e 15 25 1
e 17 18 1
e 19 21 1
e 21 26 1
e 22 24 1
e 26 27 1
e 26 28 1
e 27 28 1
e 27 29 1
t # 71
v 0 3
v 1 31
v 2 84
v 3 23
v 4 49
v 5 76
v 6 110
v 7 121
v 8 170
v 9 37
v 10 58
v 11 136
v 12 85
v 13 87
v 14 161
v 15 180
v 16 69
v 17 17
v 18 144
v 19 183
v 20 62
v 21 24
v 22 132
v 23 177
v 24 130
v 25 135
v 26 173
e 0 1 1
e 0 2 1
e 1 2 1
e 1 3 1
e 1 4 1
e 1 5 1
e 1 6 1
e 1 7 1
e 1 8 1
e 3 5 1
e 3 7 1
e 3 8 1
e 3 9 1
e 3 10 1
e 3 11 1
e 4 6 1
e 4 12 1
e 4 13 1
e 5 7 1
e 5 8 1
e 5 10 1
e 5 11 1
e 5 12 1
e 5 14 1
e 5 15 1
e 6 12 1
e 6 13 1
e 7 10 1
e 7 11 1
e 7 12 1
e 8 16 1
e 9 10 1
e 9 11 1
e 9 17 1
e 9 18 1
e 9 19 1
e 10 11 1
e 10 19 1
e 11 19 1
e 12 13 1
e 12 15 1
e 12 20 1
e 13 21 1
e 15 22 1
e 15 23 1
e 17 18 1
e 17 19 1
e 18 19 1
e 19 24 1
e 20 25 1
e 20 26 1
e 21 22 1
e 22 23 1
e 25 26 1
t # 72
v 0 9
v 1 52
v 2 81
v 3 45
v 4 54
v 5 150
v 6 88
v 7 117
e 0 1 1
e 0 2 1
e 1 2 1
e 1 3 1
e 1 4 1
e 1 5 1
e 2 4 1
e 3 5 1
e 3 6 1
e 3 7 1
e 4 5 1
t # 73
v 0 3
v 1 84
v 2 142
v 3 174
v 4 5
v 5 55
v 6 103
v 7 135
v 8 149
v 9 89
v 10 158
v 11 181
v 12 99
v 13 141
v 14 20
v 15 64
v 16 109
v 17 129
v 18 150
v 19 62
v 20 145
v 21 101
v 22 184
v 23 44
v 24 93
v 25 52
v 26 128
v 27 147
v 28 164
v 29 18
v 30 96
v 31 108
v 32 72
v 33 27
e 0 1 1
e 1 2 1
e 1 3 1
e 2 3 1
e 2 4 1
e 2 5 1
e 2 6 1
e 2 7 1
e 2 8 1
e 3 8 1
e 4 9 1
e 4 10 1
e 4 11 1
e 5 11 1
e 5 12 1
e 5 13 1
e 6 14 1
e 6 15 1
e 6 16 1
e 6 17 1
e 6 18 1
e 7 8 1
e 7 19 1
e 7 20 1
e 8 16 1
e 10 21 1
e 10 22 1
e 11 13 1
e 11 23 1
e 11 24 1
e 13 24 1
e 14 15 1
e 14 18 1
e 14 25 1
e 15 18 1
e 16 17 1
e 18 25 1
e 20 26 1
e 20 27 1
e 20 28 1
e 21 29 1
e 23 30 1
e 26 27 1
e 27 31 1
e 30 32 1
e 31 33 1
t # 74
v 0 1
v 1 35
v 2 70
v 3 77
v 4 89
v 5 137
v 6 167
v 7 118
v 8 59
v 9 122
v 10 133
v 11 172
v 12 32
v 13 60
v 14 123
v 15 165
v 16 178
v 17 66
v 18 187
v 19 78
v 20 90
v 21 160
v 22 169
v 23 12
v 24 82
v 25 71
v 26 129
v 27 46
e 0 1 1
e 0 2 1
e 0 3 1
e 0 4 1
e 0 5 1
e 0 6 1
e 1 3 1
e 1 5 1
e 1 6 1
e 1 7 1
e 2 8 1
e 2 9 1
e 3 6 1
e 3 7 1
e 4 5 1
e 4 10 1
e 4 11 1
e 5 6 1
e 5 7 1
e 5 10 1
e 5 12 1
e 5 13 1
e 5 14 1
e 5 15 1
e 6 7 1
e 10 11 1
e 10 13 1
e 10 14 1
e 10 15 1
e 10 16 1
e 11 13 1
e 13 15 1
e 13 16 1
e 13 17 1
e 14 18 1
e 15 16 1
e 15 17 1
e 15 19 1
e 15 20 1
e 15 21 1
e 17 22 1
e 20 21 1
e 20 23 1
e 20 24 1
e 21 23 1
e 21 25 1
e 23 25 1
e 23 26 1
e 24 27 1
t # 75
v 0 10
v 1 125
v 2 133
v 3 187
v 4 71
v 5 123
v 6 137
v 7 188
v 8 77
v 9 103
v 10 46
v 11 111
v 12 146
v 13 160
v 14 36
v 15 45
v 16 78
v 17 19
v 18 140
v 19 151
e 0 1 1
e 1 2 1
e 1 3 1
e 2 4 1
e 2 5 1
e 2 6 1
e 2 7 1
e 3 6 1
e 3 8 1
e 4 9 1
e 5 6 1
e 5 8 1
e 5 10 1
e 6 7 1
e 6 8 1
e 6 10 1
e 7 10 1
e 7 11 1
e 8 12 1
e 9 13 1
e 12 14 1
e 12 15 1
e 12 16 1
e 13 17 1
e 14 15 1
e 15 16 1
e 15 18 1
e 16 18 1
e 17 19 1
t # 76
v 0 3
v 1 31
v 2 84
v 3 110
v 4 49
e 0 1 1
e 0 2 1
e 1 3 1
e 3 4 1
t # 77
v 0 4
v 1 15
v 2 25
v 3 27
v 4 60
v 5 108
v 6 147
v 7 166
v 8 175
v 9 121
v 10 173
v 11 134
v 12 119
v 13 145
v 14 126
v 15 8
v 16 23
v 17 76
v 18 110
v 19 136
v 20 161
v 21 170
v 22 31
v 23 49
v 24 62
v 25 87
v 26 105
v 27 57
v 28 132
v 29 124
v 30 69
v 31 148
v 32 54
v 33 75
v 34 180
v 35 185
v 36 41
v 37 85
v 38 94
v 39 114
v 40 162
v 41 79
e 0 1 1
e 0 2 1
e 0 3 1
e 0 4 1
e 0 5 1
e 0 6 1
e 0 7 1
e 0 8 1
e 1 2 1
e 1 5 1
e 1 9 1
e 1 10 1
e 3 4 1
e 3 5 1
e 3 6 1
e 3 7 1
e 3 8 1
e 3 11 1
e 4 7 1
e 5 6 1
e 5 7 1
e 5 12 1
e 6 13 1
e 8 14 1
e 9 10 1
e 9 15 1
e 9 16 1
e 9 17 1
e 9 18 1
e 9 19 1
e 9 20 1
e 9 21 1
e 10 17 1
e 10 18 1
e 10 22 1
e 10 23 1
e 10 24 1
e 10 25 1
e 11 13 1
e 12 26 1
e 15 27 1
e 16 18 1
e 16 19 1
e 16 21 1
e 17 18 1
e 17 28 1
e 18 19 1
e 18 21 1
e 18 22 1
e 18 23 1
e 18 24 1
e 18 25 1
e 19 21 1
e 20 29 1
e 21 22 1
e 21 23 1
e 21 25 1
e 21 30 1
e 22 23 1
e 22 25 1
e 23 25 1
e 24 25 1
e 24 31 1
e 25 30 1
e 25 31 1
e 26 32 1
e 26 33 1
e 28 34 1
e 31 35 1
e 32 33 1
e 32 36 1
e 34 37 1
e 36 38 1
e 36 39 1
e 36 40 1
e 38 40 1
e 40 41 1
t # 78
v 0 1
v 1 187
v 2 32
v 3 89
v 4 26
v 5 76
v 6 180
v 7 15
v 8 64
v 9 85
v 10 132
v 11 20
v 12 150
e 0 1 1
e 1 2 1
e 1 3 1
e 3 4 1
e 3 5 1
e 5 6 1
e 6 7 1
e 6 8 1
e 6 9 1
e 6 10 1
e 7 10 1
e 8 10 1
e 8 11 1
e 11 12 1
t # 79
v 0 2
v 1 54
v 2 82
v 3 84
v 4 86
v 5 90
v 6 106
v 7 111
v 8 115
v 9 119
v 10 126
v 11 163
v 12 189
v 13 9
v 14 52
v 15 75
v 16 114
v 17 188
v 18 3
v 19 142
v 20 19
v 21 38
v 22 67
v 23 68
v 24 79
v 25 46
v 26 53
v 27 172
v 28 36
v 29 78
v 30 4
v 31 12
v 32 160
v 33 20
v 34 45
v 35 105
v 36 165
v 37 41
v 38 48
v 39 133
v 40 125
v 41 135
v 42 162
v 43 129
v 44 137
v 45 39
v 46 108
v 47 145
v 48 175
v 49 31
v 50 178
v 51 71
v 52 103
v 53 140
v 54 26
v 55 149
v 56 138
v 57 5
v 58 76
v 59 69
v 60 170
v 61 40
v 62 50
v 63 10
v 64 161
v 65 121
v 66 85
v 67 61
v 68 104
v 69 16
v 70 176
v 71 164
v 72 174
v 73 17
v 74 64
v 75 130
v 76 155
v 77 112
v 78 120
v 79 173
v 80 144
v 81 6
v 82 62
v 83 23
v 84 57
v 85 136
v 86 8
v 87 58
v 88 117
v 89 168
e 0 1 1
e 0 2 1
e 0 3 1
e 0 4 1
e 0 5 1
e 0 6 1
e 0 7 1
e 0 8 1
e 0 9 1
e 0 10 1
e 0 11 1
e 0 12 1
e 1 4 1
e 1 5 1
e 1 11 1
e 1 13 1
e 1 14 1
e 1 15 1
e 1 16 1
e 2 5 1
e 2 7 1
e 2 9 1
e 2 10 1
e 2 12 1
e 2 17 1
e 3 12 1
e 3 18 1
e 3 19 1
e 4 5 1
e 4 7 1
e 4 9 1
e 4 11 1
e 4 13 1
e 4 14 1
e 4 16 1
e 4 20 1
e 4 21 1
e 4 22 1
e 4 23 1
e 4 24 1
e 5 7 1
e 5 9 1
e 5 10 1
e 5 11 1
e 5 12 1
e 6 9 1
e 6 12 1
e 6 17 1
e 6 25 1
e 6 26 1
e 6 27 1
e 7 9 1
e 7 11 1
e 7 12 1
e 8 9 1
e 8 10 1
e 8 12 1
e 8 17 1
e 9 10 1
e 9 11 1
e 9 12 1
e 9 17 1
e 10 12 1
e 10 17 1
e 10 28 1
e 11 16 1
e 11 22 1
e 11 29 1
e 12 17 1
e 12 26 1
e 12 30 1
e 13 14 1
e 13 21 1
e 13 23 1
e 13 29 1
e 13 31 1
e 14 20 1
e 14 21 1
e 14 23 1
e 14 24 1
e 14 32 1
e 15 33 1
e 15 34 1
e 15 35 1
e 15 36 1
e 16 21 1
e 16 23 1
e 16 29 1
e 16 31 1
e 16 37 1
e 17 25 1
e 17 38 1
e 17 39 1
e 18 40 1
e 19 41 1
e 20 22 1
e 20 32 1
e 21 23 1
e 21 24 1
e 21 37 1
e 21 42 1
e 23 24 1
e 23 29 1
e 23 31 1
e 23 42 1
e 23 43 1
e 24 42 1
e 25 38 1
e 25 39 1
e 25 44 1
e 26 30 1
e 26 45 1
e 26 46 1
e 26 47 1
e 28 48 1
e 29 31 1
e 30 45 1
e 30 46 1
e 30 48 1
e 30 49 1
e 30 50 1
e 31 43 1
e 31 51 1
e 31 52 1
e 32 53 1
e 34 35 1
e 34 36 1
e 35 36 1
e 38 54 1
e 41 55 1
e 43 52 1
e 43 56 1
e 45 57 1
e 46 47 1
e 46 48 1
e 48 49 1
e 48 50 1
e 48 58 1
e 49 50 1
e 49 58 1
e 49 59 1
e 49 60 1
e 50 61 1
e 51 52 1
e 56 62 1
e 57 63 1
e 58 59 1
e 58 60 1
e 58 64 1
e 59 60 1
e 59 65 1
e 60 64 1
e 60 66 1
e 61 67 1
e 61 68 1
e 62 69 1
e 62 70 1
e 63 71 1
e 63 72 1
e 64 66 1
e 69 70 1
e 69 73 1
e 69 74 1
e 69 75 1
e 69 76 1
e 71 72 1
e 71 77 1
e 71 78 1
e 71 79 1
e 73 75 1
e 73 76 1
e 74 76 1
e 74 80 1
e 75 76 1
e 79 81 1
e 79 82 1
e 80 83 1
e 81 82 1
e 83 84 1
e 83 85 1
e 84 86 1
e 84 87 1
e 84 88 1
e 84 89 1
e 85 87 1
e 86 87 1
t # 80
v 0 16
v 1 92
v 2 94
v 3 130
v 4 155
v 5 176
v 6 38
v 7 41
v 8 17
v 9 183
e 0 1 1
e 0 2 1
e 0 3 1
e 0 4 1
e 0 5 1
e 1 5 1
e 1 6 1
e 1 7 1
e 2 3 1
e 3 4 1
e 3 8 1
e 4 5 1
e 4 8 1
e 8 9 1
t # 81
v 0 9
v 1 94
v 2 17
v 3 75
v 4 130
v 5 162
v 6 20
v 7 64
v 8 82
v 9 90
v 10 151
v 11 156
v 12 183
v 13 45
v 14 139
v 15 37
v 16 168
e 0 1 1
e 1 2 1
e 1 3 1
e 1 4 1
e 1 5 1
e 2 4 1
e 2 6 1
e 2 7 1
e 2 8 1
e 2 9 1
e 2 10 1
e 2 11 1
e 2 12 1
e 3 5 1
e 3 13 1
e 4 6 1
e 4 7 1
e 4 8 1
e 4 9 1
e 4 10 1
e 4 11 1
e 4 12 1
e 5 13 1
e 6 7 1
e 6 9 1
e 6 10 1
e 6 11 1
e 7 9 1
e 7 10 1
e 7 11 1
e 8 9 1
e 9 10 1
e 9 11 1
e 10 11 1
e 10 14 1
e 12 15 1
e 12 16 1
t # 82
v 0 16
v 1 50
v 2 155
v 3 176
v 4 29
v 5 138
e 0 1 1
e 0 2 1
e 0 3 1
e 1 3 1
e 1 4 1
e 3 4 1
e 3 5 1
e 4 5 1
