t # 0
v 0 1
v 1 133
v 2 187
v 3 172
v 4 91
v 5 73
v 6 103
v 7 114
v 8 126
v 9 147
v 10 27
v 11 41
v 12 45
v 13 54
v 14 81
v 15 145
v 16 4
v 17 53
v 18 60
v 19 105
v 20 108
v 21 115
v 22 16
v 23 75
v 24 162
v 25 29
v 26 175
v 27 111
v 28 119
v 29 155
v 30 94
v 31 140
v 32 50
v 33 168
v 34 156
e 0 1 1
e 0 2 1
e 1 2 1
e 1 3 1
e 3 4 1
e 4 5 1
e 4 6 1
e 5 7 1
e 5 8 1
e 5 9 1
e 6 9 1
e 7 8 1
e 7 9 1
e 7 10 1
e 7 11 1
e 7 12 1
e 7 13 1
e 8 9 1
e 8 10 1
e 8 14 1
e 8 15 1
e 9 10 1
e 9 14 1
e 9 15 1
e 9 16 1
e 9 17 1
e 9 18 1
e 9 19 1
e 9 20 1
e 9 21 1
e 10 12 1
e 11 22 1
e 12 23 1
e 12 24 1
e 14 15 1
e 14 17 1
e 14 25 1
e 15 16 1
e 15 17 1
e 15 21 1
e 15 26 1
e 16 17 1
e 16 18 1
e 16 20 1
e 16 26 1
e 17 21 1
e 17 27 1
e 19 20 1
e 19 28 1
e 20 26 1
e 22 29 1
e 23 30 1
e 25 31 1
e 29 32 1
e 30 33 1
e 33 34 1
t # 1
v 0 4
v 1 27
v 2 60
v 3 81
v 4 108
v 5 126
v 6 147
v 7 134
v 8 145
v 9 29
v 10 160
v 11 45
v 12 114
v 13 115
v 14 182
v 15 128
v 16 53
v 17 111
v 18 125
v 19 138
v 20 9
v 21 37
v 22 57
v 23 151
v 24 8
v 25 73
v 26 84
v 27 123
v 28 133
v 29 17
v 30 58
v 31 144
v 32 183
v 33 56
v 34 14
v 35 77
v 36 91
v 37 117
v 38 82
v 39 90
v 40 187
v 41 71
v 42 121
v 43 65
v 44 97
v 45 11
v 46 30
v 47 43
v 48 102
v 49 113
v 50 186
v 51 152
v 52 137
v 53 101
v 54 18
v 55 42
v 56 59
v 57 100
v 58 146
e 0 1 1
e 0 2 1
e 0 3 1
e 0 4 1
e 0 5 1
e 0 6 1
e 1 2 1
e 1 3 1
e 1 4 1
e 1 5 1
e 1 6 1
e 1 7 1
e 1 8 1
e 2 3 1
e 2 4 1
e 2 5 1
e 2 6 1
e 3 4 1
e 3 5 1
e 3 6 1
e 3 8 1
e 3 9 1
e 4 5 1
e 4 6 1
e 4 8 1
e 4 10 1
e 5 6 1
e 5 8 1
e 5 11 1
e 5 12 1
e 6 8 1
e 6 11 1
e 6 13 1
e 6 14 1
e 7 15 1
e 8 9 1
e 8 13 1
e 8 14 1
e 8 15 1
e 8 16 1
e 8 17 1
e 8 18 1
e 9 11 1
e 9 14 1
e 9 19 1
e 11 12 1
e 11 18 1
e 13 16 1
e 13 20 1
e 14 21 1
e 14 22 1
e 14 23 1
e 16 17 1
e 18 22 1
e 18 24 1
e 18 25 1
e 18 26 1
e 18 27 1
e 18 28 1
e 21 24 1
e 21 29 1
e 21 30 1
e 21 31 1
e 21 32 1
e 22 24 1
e 22 25 1
e 23 33 1
e 24 25 1
e 24 30 1
e 24 31 1
e 25 34 1
e 25 35 1
e 25 36 1
e 25 37 1
e 27 28 1
e 27 38 1
e 27 39 1
e 27 40 1
e 28 36 1
e 28 38 1
e 28 40 1
e 28 41 1
e 29 30 1
e 29 32 1
e 30 31 1
e 30 32 1
e 30 42 1
e 31 32 1
e 33 34 1
e 34 36 1
e 34 43 1
e 34 44 1
e 35 40 1
e 35 45 1
e 35 46 1
e 35 47 1
e 35 48 1
e 35 49 1
e 35 50 1
e 36 37 1
e 36 38 1
e 36 41 1
e 36 51 1
e 37 51 1
e 38 39 1
e 38 40 1
e 38 41 1
e 38 43 1
e 39 40 1
e 40 49 1
e 40 52 1
e 43 46 1
e 43 47 1
e 43 53 1
e 44 51 1
e 44 54 1
e 45 48 1
e 46 48 1
e 46 49 1
e 46 50 1
e 46 53 1
e 46 55 1
e 46 56 1
e 46 57 1
e 46 58 1
e 47 48 1
e 47 53 1
e 48 49 1
e 48 53 1
e 48 56 1
e 49 50 1
e 49 53 1
e 49 55 1
e 50 55 1
e 50 56 1
e 50 57 1
e 50 58 1
e 53 54 1
t # 2
v 0 4
v 1 60
v 2 147
v 3 27
v 4 108
v 5 114
v 6 126
v 7 38
v 8 54
v 9 105
v 10 119
v 11 45
v 12 162
v 13 75
v 14 127
e 0 1 1
e 0 2 1
e 2 3 1
e 2 4 1
e 2 5 1
e 2 6 1
e 3 5 1
e 3 6 1
e 4 7 1
e 4 8 1
e 4 9 1
e 4 10 1
e 5 6 1
e 5 11 1
e 5 12 1
e 7 8 1
e 7 9 1
e 8 9 1
e 8 12 1
e 8 13 1
e 9 10 1
e 12 13 1
e 12 14 1
t # 3
v 0 1
v 1 77
v 2 133
v 3 187
v 4 11
v 5 30
v 6 167
v 7 12
v 8 18
v 9 46
v 10 47
v 11 82
v 12 123
v 13 129
v 14 168
v 15 188
v 16 137
v 17 52
v 18 63
v 19 102
v 20 186
v 21 35
v 22 157
v 23 90
v 24 163
v 25 7
v 26 101
v 27 111
v 28 158
v 29 183
v 30 156
v 31 16
v 32 20
v 33 29
v 34 88
v 35 70
v 36 109
v 37 2
v 38 91
v 39 43
v 40 9
v 41 184
v 42 17
v 43 37
v 44 130
v 45 41
v 46 155
v 47 64
v 48 113
v 49 122
v 50 10
v 51 73
v 52 53
v 53 115
v 54 121
v 55 94
v 56 57
v 57 125
v 58 140
v 59 145
v 60 75
v 61 162
v 62 8
e 0 1 1
e 0 2 1
e 0 3 1
e 1 3 1
e 1 4 1
e 1 5 1
e 1 6 1
e 2 3 1
e 2 7 1
e 2 8 1
e 2 9 1
e 2 10 1
e 2 11 1
e 2 12 1
e 2 13 1
e 2 14 1
e 2 15 1
e 3 5 1
e 3 7 1
e 3 11 1
e 3 12 1
e 3 16 1
e 5 7 1
e 5 8 1
e 5 11 1
e 5 17 1
e 5 18 1
e 5 19 1
e 5 20 1
e 6 16 1
e 6 21 1
e 6 22 1
e 7 8 1
e 7 10 1
e 7 11 1
e 7 12 1
e 7 13 1
e 7 19 1
e 7 23 1
e 7 24 1
e 8 11 1
e 8 17 1
e 8 18 1
e 8 20 1
e 8 25 1
e 8 26 1
e 9 10 1
e 9 12 1
e 9 13 1
e 9 15 1
e 9 27 1
e 9 28 1
e 10 12 1
e 10 13 1
e 10 14 1
e 10 24 1
e 11 12 1
e 11 29 1
e 12 13 1
e 12 23 1
e 12 24 1
e 14 30 1
e 17 31 1
e 17 32 1
e 17 33 1
e 17 34 1
e 18 20 1
e 18 25 1
e 18 26 1
e 19 33 1
e 22 35 1
e 22 36 1
e 23 24 1
e 24 37 1
e 25 38 1
e 26 39 1
e 27 40 1
e 28 41 1
e 29 42 1
e 29 43 1
e 29 44 1
e 31 42 1
e 31 44 1
e 31 45 1
e 31 46 1
e 32 42 1
e 32 47 1
e 33 48 1
e 35 49 1
e 36 50 1
e 38 48 1
e 38 51 1
e 40 52 1
e 40 53 1
e 42 43 1
e 42 44 1
e 42 46 1
e 42 54 1
e 43 44 1
e 43 54 1
e 45 55 1
e 46 55 1
e 48 51 1
e 51 56 1
e 51 57 1
e 52 53 1
e 52 58 1
e 52 59 1
e 53 59 1
e 55 60 1
e 55 61 1
e 56 57 1
e 56 62 1
e 57 62 1
e 60 61 1
t # 4
v 0 1
v 1 133
v 2 57
v 3 91
v 4 125
v 5 187
v 6 188
v 7 8
v 8 73
v 9 117
v 10 144
v 11 18
v 12 160
v 13 84
v 14 77
v 15 123
v 16 46
v 17 82
v 18 30
v 19 178
v 20 3
v 21 142
v 22 53
v 23 2
v 24 106
v 25 90
v 26 101
v 27 168
v 28 100
v 29 115
v 30 145
v 31 22
v 32 114
v 33 126
v 34 147
v 35 66
v 36 156
v 37 169
v 38 45
v 39 27
v 40 108
v 41 60
v 42 42
v 43 94
v 44 131
v 45 175
v 46 4
e 0 1 1
e 1 2 1
e 1 3 1
e 1 4 1
e 1 5 1
e 1 6 1
e 2 4 1
e 2 7 1
e 2 8 1
e 2 9 1
e 2 10 1
e 3 9 1
e 3 11 1
e 3 12 1
e 4 7 1
e 4 10 1
e 4 13 1
e 5 14 1
e 5 15 1
e 6 16 1
e 6 17 1
e 7 10 1
e 8 9 1
e 9 18 1
e 9 19 1
e 13 20 1
e 13 21 1
e 14 22 1
e 15 23 1
e 15 24 1
e 16 25 1
e 17 26 1
e 17 27 1
e 19 28 1
e 22 29 1
e 22 30 1
e 23 24 1
e 27 31 1
e 30 32 1
e 30 33 1
e 30 34 1
e 31 35 1
e 31 36 1
e 31 37 1
e 32 33 1
e 32 38 1
e 33 34 1
e 33 39 1
e 33 40 1
e 34 40 1
e 34 41 1
e 35 37 1
e 37 42 1
e 38 43 1
e 38 44 1
e 39 40 1
e 39 45 1
e 40 46 1
e 41 46 1
t # 5
v 0 0
v 1 21
v 2 74
v 3 80
v 4 109
v 5 122
v 6 157
v 7 159
v 8 70
v 9 120
v 10 171
v 11 13
v 12 167
v 13 118
v 14 184
v 15 1
v 16 11
v 17 35
v 18 43
v 19 77
v 20 141
v 21 44
v 22 55
v 23 62
v 24 72
v 25 96
v 26 99
v 27 143
v 28 154
v 29 51
v 30 95
v 31 148
v 32 185
e 0 1 1
e 0 2 1
e 0 3 1
e 0 4 1
e 0 5 1
e 0 6 1
e 0 7 1
e 1 2 1
e 1 3 1
e 1 4 1
e 1 5 1
e 1 6 1
e 2 3 1
e 2 5 1
e 2 6 1
e 2 8 1
e 3 4 1
e 3 5 1
e 3 6 1
e 4 5 1
e 4 6 1
e 4 7 1
e 4 9 1
e 5 6 1
e 5 8 1
e 6 7 1
e 6 9 1
e 6 10 1
e 9 11 1
e 9 12 1
e 10 12 1
e 10 13 1
e 11 14 1
e 12 13 1
e 12 15 1
e 12 16 1
e 12 17 1
e 12 18 1
e 12 19 1
e 13 17 1
e 15 17 1
e 15 20 1
e 16 18 1
e 17 19 1
e 20 21 1
e 20 22 1
e 20 23 1
e 20 24 1
e 20 25 1
e 20 26 1
e 20 27 1
e 20 28 1
e 21 22 1
e 21 23 1
e 21 24 1
e 21 25 1
e 21 28 1
e 22 24 1
e 22 25 1
e 22 26 1
e 22 27 1
e 22 28 1
e 24 25 1
e 24 27 1
e 24 28 1
e 24 29 1
e 25 26 1
e 25 27 1
e 25 28 1
e 26 27 1
e 26 28 1
e 27 28 1
e 29 30 1
e 29 31 1
e 30 31 1
e 30 32 1
e 31 32 1
t # 6
v 0 2
v 1 67
v 2 36
v 3 66
v 4 163
v 5 146
v 6 165
v 7 186
v 8 30
v 9 63
v 10 100
v 11 113
v 12 18
v 13 101
v 14 102
v 15 7
v 16 178
v 17 14
v 18 90
v 19 91
v 20 43
v 21 83
v 22 71
v 23 82
v 24 117
v 25 123
v 26 187
v 27 46
v 28 133
v 29 65
v 30 77
v 31 137
v 32 188
v 33 167
e 0 1 1
e 1 2 1
e 1 3 1
e 1 4 1
e 2 5 1
e 3 4 1
e 3 5 1
e 3 6 1
e 5 6 1
e 5 7 1
e 7 8 1
e 7 9 1
e 7 10 1
e 7 11 1
e 8 11 1
e 8 12 1
e 8 13 1
e 8 14 1
e 9 15 1
e 10 16 1
e 11 17 1
e 11 18 1
e 11 19 1
e 12 13 1
e 13 14 1
e 13 20 1
e 14 20 1
e 14 21 1
e 17 19 1
e 18 19 1
e 18 22 1
e 18 23 1
e 18 24 1
e 18 25 1
e 18 26 1
e 19 22 1
e 19 24 1
e 19 25 1
e 19 26 1
e 20 21 1
e 22 23 1
e 22 25 1
e 22 26 1
e 23 25 1
e 24 26 1
e 25 26 1
e 25 27 1
e 25 28 1
e 26 29 1
e 26 30 1
e 27 31 1
e 27 32 1
e 30 33 1
t # 7
v 0 16
v 1 130
v 2 155
v 3 176
v 4 94
v 5 127
v 6 162
v 7 50
v 8 75
v 9 54
v 10 38
v 11 114
v 12 41
e 0 1 1
e 0 2 1
e 0 3 1
e 2 3 1
e 2 4 1
e 3 5 1
e 4 6 1
e 5 6 1
e 5 7 1
e 6 8 1
e 8 9 1
e 9 10 1
e 9 11 1
e 10 12 1
t # 8
v 0 24
v 1 85
v 2 87
v 3 76
v 4 132
v 5 180
v 6 69
v 7 110
v 8 170
v 9 31
e 0 1 1
e 0 2 1
e 1 3 1
e 1 4 1
e 1 5 1
e 3 4 1
e 3 6 1
e 3 7 1
e 4 6 1
e 6 7 1
e 6 8 1
e 8 9 1
t # 9
v 0 1
v 1 35
v 2 77
v 3 167
v 4 113
v 5 187
v 6 11
v 7 18
v 8 30
v 9 56
v 10 73
v 11 91
v 12 101
v 13 102
v 14 117
v 15 160
v 16 178
v 17 125
v 18 133
v 19 43
v 20 19
v 21 67
v 22 151
v 23 8
v 24 57
v 25 182
v 26 71
v 27 83
v 28 68
v 29 145
v 30 126
v 31 29
v 32 147
v 33 123
v 34 58
v 35 36
v 36 12
v 37 4
v 38 27
v 39 53
v 40 60
v 41 81
v 42 108
v 43 45
v 44 114
v 45 78
v 46 121
v 47 106
v 48 111
v 49 90
v 50 115
v 51 105
v 52 119
v 53 188
v 54 46
e 0 1 1
e 0 2 1
e 1 2 1
e 1 3 1
e 2 3 1
e 2 4 1
e 2 5 1
e 4 6 1
e 4 7 1
e 4 8 1
e 4 9 1
e 4 10 1
e 4 11 1
e 4 12 1
e 4 13 1
e 4 14 1
e 4 15 1
e 4 16 1
e 5 10 1
e 5 14 1
e 5 17 1
e 5 18 1
e 6 8 1
e 6 12 1
e 6 13 1
e 6 19 1
e 7 8 1
e 7 12 1
e 7 19 1
e 8 11 1
e 8 12 1
e 8 13 1
e 8 16 1
e 9 11 1
e 9 15 1
e 9 20 1
e 9 21 1
e 9 22 1
e 10 11 1
e 10 14 1
e 10 15 1
e 10 17 1
e 10 22 1
e 10 23 1
e 10 24 1
e 10 25 1
e 11 14 1
e 11 15 1
e 11 18 1
e 11 26 1
e 12 13 1
e 12 19 1
e 12 27 1
e 13 19 1
e 14 16 1
e 14 17 1
e 14 24 1
e 14 26 1
e 14 28 1
e 14 29 1
e 15 20 1
e 15 21 1
e 15 26 1
e 15 28 1
e 15 30 1
e 16 31 1
e 17 18 1
e 17 23 1
e 17 24 1
e 17 32 1
e 18 33 1
e 19 27 1
e 20 21 1
e 20 22 1
e 21 22 1
e 22 23 1
e 22 25 1
e 23 24 1
e 23 34 1
e 25 35 1
e 26 36 1
e 29 30 1
e 29 32 1
e 29 37 1
e 29 38 1
e 29 39 1
e 29 40 1
e 29 41 1
e 29 42 1
e 30 32 1
e 30 35 1
e 30 37 1
e 30 38 1
e 30 43 1
e 30 44 1
e 31 45 1
e 32 38 1
e 32 39 1
e 32 40 1
e 32 42 1
e 34 46 1
e 35 45 1
e 35 47 1
e 35 48 1
e 36 49 1
e 37 39 1
e 37 40 1
e 38 40 1
e 38 42 1
e 39 48 1
e 39 50 1
e 40 42 1
e 40 51 1
e 42 51 1
e 42 52 1
e 43 44 1
e 45 47 1
e 48 53 1
e 51 52 1
e 53 54 1
t # 10
v 0 1
v 1 187
v 2 12
v 3 77
v 4 117
v 5 123
v 6 90
v 7 95
v 8 145
v 9 53
v 10 124
v 11 46
v 12 113
v 13 185
v 14 4
v 15 27
v 16 108
v 17 126
v 18 128
v 19 147
v 20 115
v 21 30
v 22 60
v 23 175
v 24 134
v 25 105
v 26 119
v 27 182
v 28 166
v 29 54
v 30 75
e 0 1 1
e 1 2 1
e 1 3 1
e 1 4 1
e 1 5 1
e 2 5 1
e 2 6 1
e 2 7 1
e 3 4 1
e 3 8 1
e 4 9 1
e 4 10 1
e 5 6 1
e 5 11 1
e 6 7 1
e 6 12 1
e 7 13 1
e 8 9 1
e 8 14 1
e 8 15 1
e 8 16 1
e 8 17 1
e 8 18 1
e 8 19 1
e 9 20 1
e 12 21 1
e 14 16 1
e 14 19 1
e 14 22 1
e 14 23 1
e 15 16 1
e 15 17 1
e 15 19 1
e 15 23 1
e 16 17 1
e 16 19 1
e 16 22 1
e 16 23 1
e 17 23 1
e 18 24 1
e 19 22 1
e 19 25 1
e 19 26 1
e 20 27 1
e 23 28 1
e 25 26 1
e 25 29 1
e 26 29 1
e 29 30 1
t # 11
v 0 1
v 1 187
v 2 12
v 3 46
v 4 77
v 5 90
v 6 126
v 7 133
v 8 113
v 9 123
v 10 82
v 11 137
v 12 188
v 13 11
v 14 167
v 15 30
v 16 102
v 17 129
v 18 186
v 19 27
v 20 45
v 21 73
v 22 108
v 23 145
v 24 147
v 25 177
v 26 71
v 27 91
v 28 103
v 29 13
v 30 35
v 31 128
v 32 134
v 33 166
v 34 175
v 35 114
v 36 14
v 37 151
v 38 4
v 39 53
v 40 125
v 41 60
v 42 65
v 43 67
v 44 21
v 45 68
v 46 160
v 47 19
v 48 89
v 49 66
v 50 106
v 51 139
v 52 2
v 53 36
v 54 144
v 55 37
v 56 183
e 0 1 1
e 1 2 1
e 1 3 1
e 1 4 1
e 1 5 1
e 1 6 1
e 1 7 1
e 2 5 1
e 2 8 1
e 2 9 1
e 3 6 1
e 3 7 1
e 3 10 1
e 3 11 1
e 3 12 1
e 4 9 1
e 4 13 1
e 4 14 1
e 5 8 1
e 5 9 1
e 5 10 1
e 5 15 1
e 5 16 1
e 5 17 1
e 5 18 1
e 6 7 1
e 6 19 1
e 6 20 1
e 6 21 1
e 6 22 1
e 6 23 1
e 6 24 1
e 6 25 1
e 7 9 1
e 7 23 1
e 7 26 1
e 7 27 1
e 8 15 1
e 8 18 1
e 10 26 1
e 12 21 1
e 12 27 1
e 12 28 1
e 13 14 1
e 13 29 1
e 14 30 1
e 15 16 1
e 15 18 1
e 19 21 1
e 19 22 1
e 19 24 1
e 19 31 1
e 19 32 1
e 19 33 1
e 19 34 1
e 20 21 1
e 20 35 1
e 21 27 1
e 21 31 1
e 21 36 1
e 21 37 1
e 22 24 1
e 22 31 1
e 22 32 1
e 22 34 1
e 22 38 1
e 23 24 1
e 23 39 1
e 23 40 1
e 24 31 1
e 24 32 1
e 24 38 1
e 24 41 1
e 27 36 1
e 27 37 1
e 27 42 1
e 28 43 1
e 29 30 1
e 29 44 1
e 31 32 1
e 31 38 1
e 32 38 1
e 33 34 1
e 33 45 1
e 36 37 1
e 37 42 1
e 37 43 1
e 37 46 1
e 38 41 1
e 43 46 1
e 43 47 1
e 43 48 1
e 45 49 1
e 46 47 1
e 48 50 1
e 48 51 1
e 50 52 1
e 51 52 1
e 51 53 1
e 53 54 1
e 54 55 1
e 55 56 1
t # 12
v 0 2
v 1 189
v 2 145
v 3 53
v 4 128
v 5 147
v 6 81
v 7 106
v 8 115
v 9 134
v 10 27
v 11 60
v 12 111
v 13 5
v 14 166
v 15 175
v 16 7
v 17 63
v 18 97
v 19 100
v 20 108
v 21 186
v 22 4
v 23 9
v 24 39
v 25 22
v 26 104
v 27 105
v 28 119
v 29 169
v 30 40
v 31 42
v 32 183
v 33 37
v 34 144
v 35 8
v 36 17
v 37 47
v 38 57
v 39 130
v 40 155
v 41 151
v 42 73
e 0 1 1
e 1 2 1
e 2 3 1
e 2 4 1
e 2 5 1
e 3 6 1
e 3 7 1
e 3 8 1
e 4 5 1
e 4 9 1
e 5 9 1
e 5 10 1
e 5 11 1
e 6 12 1
e 9 11 1
e 9 13 1
e 9 14 1
e 9 15 1
e 10 15 1
e 10 16 1
e 10 17 1
e 10 18 1
e 10 19 1
e 10 20 1
e 10 21 1
e 11 13 1
e 11 14 1
e 11 15 1
e 11 22 1
e 12 23 1
e 13 24 1
e 14 15 1
e 15 16 1
e 15 20 1
e 15 22 1
e 16 17 1
e 16 18 1
e 16 19 1
e 16 20 1
e 16 21 1
e 17 18 1
e 17 19 1
e 17 21 1
e 18 19 1
e 19 21 1
e 19 25 1
e 19 26 1
e 20 27 1
e 20 28 1
e 21 29 1
e 25 29 1
e 26 30 1
e 27 28 1
e 29 31 1
e 29 32 1
e 31 32 1
e 31 33 1
e 31 34 1
e 32 33 1
e 32 34 1
e 32 35 1
e 32 36 1
e 32 37 1
e 32 38 1
e 32 39 1
e 32 40 1
e 33 34 1
e 33 35 1
e 33 36 1
e 33 38 1
e 33 39 1
e 33 40 1
e 34 36 1
e 34 38 1
e 35 38 1
e 36 39 1
e 36 40 1
e 37 39 1
e 37 41 1
e 38 42 1
e 39 40 1
t # 13
v 0 4
v 1 60
v 2 108
v 3 147
v 4 145
v 5 53
v 6 9
v 7 115
v 8 111
v 9 140
v 10 77
v 11 78
v 12 187
v 13 35
v 14 167
e 0 1 1
e 0 2 1
e 0 3 1
e 1 3 1
e 2 3 1
e 3 4 1
e 4 5 1
e 5 6 1
e 5 7 1
e 6 8 1
e 8 9 1
e 9 10 1
e 9 11 1
e 9 12 1
e 10 12 1
e 10 13 1
e 10 14 1
e 12 13 1
e 12 14 1
e 13 14 1
t # 14
v 0 1
v 1 13
v 2 35
v 3 43
v 4 167
v 5 184
v 6 11
v 7 83
v 8 120
v 9 102
v 10 111
v 11 30
v 12 59
v 13 101
v 14 186
v 15 12
v 16 18
v 17 90
v 18 178
v 19 63
v 20 146
v 21 71
v 22 77
v 23 123
v 24 129
v 25 82
v 26 138
v 27 113
v 28 117
v 29 103
v 30 133
v 31 169
v 32 68
v 33 91
v 34 187
v 35 42
v 36 66
v 37 145
v 38 151
v 39 156
v 40 147
v 41 14
v 42 19
v 43 4
v 44 27
v 45 108
v 46 175
v 47 67
v 48 160
v 49 163
v 50 128
v 51 166
v 52 105
v 53 119
v 54 47
v 55 139
v 56 140
v 57 172
v 58 2
v 59 56
v 60 126
v 61 36
v 62 89
v 63 45
v 64 114
v 65 106
e 0 1 1
e 0 2 1
e 0 3 1
e 0 4 1
e 1 2 1
e 1 3 1
e 1 4 1
e 1 5 1
e 2 3 1
e 2 4 1
e 3 4 1
e 3 6 1
e 3 7 1
e 5 8 1
e 6 9 1
e 6 10 1
e 9 11 1
e 9 12 1
e 9 13 1
e 9 14 1
e 11 12 1
e 11 15 1
e 11 16 1
e 11 17 1
e 11 18 1
e 14 17 1
e 14 19 1
e 14 20 1
e 15 17 1
e 15 20 1
e 15 21 1
e 15 22 1
e 15 23 1
e 15 24 1
e 16 22 1
e 17 20 1
e 17 21 1
e 17 22 1
e 17 23 1
e 17 25 1
e 18 20 1
e 19 26 1
e 20 23 1
e 20 24 1
e 20 27 1
e 20 28 1
e 21 29 1
e 22 23 1
e 22 28 1
e 23 25 1
e 23 30 1
e 26 31 1
e 27 32 1
e 28 32 1
e 28 33 1
e 30 34 1
e 31 35 1
e 32 36 1
e 33 37 1
e 33 38 1
e 36 39 1
e 37 40 1
e 38 41 1
e 38 42 1
e 40 43 1
e 40 44 1
e 40 45 1
e 40 46 1
e 42 47 1
e 42 48 1
e 42 49 1
e 43 45 1
e 43 46 1
e 43 50 1
e 44 45 1
e 44 46 1
e 44 51 1
e 45 46 1
e 45 52 1
e 45 53 1
e 46 51 1
e 47 48 1
e 47 49 1
e 47 54 1
e 47 55 1
e 48 56 1
e 48 57 1
e 49 58 1
e 49 59 1
e 50 60 1
e 52 53 1
e 54 55 1
e 55 61 1
e 55 62 1
e 56 57 1
e 56 62 1
e 60 63 1
e 60 64 1
e 62 65 1
t # 15
v 0 1
v 1 188
v 2 32
v 3 46
v 4 118
v 5 171
v 6 175
v 7 89
v 8 107
v 9 172
v 10 82
v 11 90
v 12 111
v 13 35
v 14 64
v 15 77
v 16 137
v 17 33
v 18 51
v 19 126
v 20 134
v 21 166
v 22 41
v 23 12
v 24 26
v 25 48
v 26 53
v 27 115
v 28 20
v 29 98
v 30 150
v 31 123
v 32 167
v 33 72
v 34 27
v 35 108
v 36 2
v 37 184
v 38 152
v 39 133
v 40 96
v 41 148
v 42 119
v 43 147
v 44 97
v 45 87
v 46 180
v 47 105
v 48 60
v 49 24
v 50 85
v 51 132
v 52 4
v 53 69
v 54 76
v 55 170
v 56 145
e 0 1 1
e 1 2 1
e 1 3 1
e 1 4 1
e 1 5 1
e 1 6 1
e 2 7 1
e 2 8 1
e 2 9 1
e 3 5 1
e 3 10 1
e 3 11 1
e 3 12 1
e 4 5 1
e 4 13 1
e 4 14 1
e 4 15 1
e 4 16 1
e 5 13 1
e 5 15 1
e 5 17 1
e 5 18 1
e 6 18 1
e 6 19 1
e 6 20 1
e 6 21 1
e 7 8 1
e 7 9 1
e 10 11 1
e 10 22 1
e 11 23 1
e 12 24 1
e 12 25 1
e 12 26 1
e 12 27 1
e 13 15 1
e 14 28 1
e 14 29 1
e 14 30 1
e 16 31 1
e 16 32 1
e 17 18 1
e 18 33 1
e 19 34 1
e 19 35 1
e 24 25 1
e 24 26 1
e 24 27 1
e 24 36 1
e 24 37 1
e 25 26 1
e 25 27 1
e 25 36 1
e 26 27 1
e 26 36 1
e 27 38 1
e 28 30 1
e 31 39 1
e 33 40 1
e 33 41 1
e 35 42 1
e 35 43 1
e 38 44 1
e 41 45 1
e 41 46 1
e 42 47 1
e 43 48 1
e 45 46 1
e 45 49 1
e 45 50 1
e 45 51 1
e 48 52 1
e 49 50 1
e 49 53 1
e 49 54 1
e 49 55 1
e 50 53 1
e 50 54 1
e 50 55 1
e 52 56 1
e 53 54 1
e 53 55 1
e 54 55 1
t # 16
v 0 0
v 1 157
v 2 159
v 3 6
v 4 10
v 5 21
v 6 70
v 7 74
v 8 80
v 9 109
v 10 120
v 11 122
v 12 149
v 13 112
v 14 54
v 15 62
v 16 98
v 17 135
v 18 141
v 19 173
v 20 13
v 21 20
v 22 30
v 23 64
v 24 142
v 25 153
v 26 165
v 27 174
v 28 179
v 29 101
v 30 79
v 31 184
v 32 128
v 33 75
v 34 114
v 35 119
v 36 150
v 37 15
v 38 72
v 39 181
v 40 99
v 41 154
v 42 5
v 43 42
v 44 158
v 45 47
v 46 52
v 47 77
v 48 88
v 49 113
v 50 118
v 51 186
v 52 171
v 53 176
v 54 11
v 55 18
v 56 102
v 57 134
v 58 162
v 59 45
v 60 126
v 61 4
v 62 105
v 63 32
v 64 86
v 65 25
v 66 44
v 67 51
v 68 93
v 69 95
v 70 148
v 71 185
v 72 55
v 73 96
v 74 143
v 75 39
v 76 33
v 77 168
v 78 167
v 79 187
v 80 81
v 81 35
v 82 63
v 83 82
v 84 103
v 85 123
v 86 133
v 87 83
v 88 27
v 89 175
v 90 60
v 91 108
v 92 166
v 93 89
v 94 107
v 95 172
v 96 87
v 97 145
v 98 182
v 99 7
v 100 12
v 101 90
v 102 129
v 103 147
v 104 14
v 105 106
v 106 24
v 107 69
v 108 85
v 109 132
v 110 53
v 111 66
v 112 65
v 113 76
v 114 170
v 115 177
v 116 115
v 117 156
v 118 59
v 119 23
v 120 31
v 121 136
v 122 161
v 123 49
v 124 110
v 125 58
v 126 121
v 127 3
v 128 180
v 129 84
v 130 17
v 131 183
v 132 94
v 133 130
e 0 1 1
e 0 2 1
e 1 2 1
e 1 3 1
e 1 4 1
e 1 5 1
e 1 6 1
e 1 7 1
e 1 8 1
e 1 9 1
e 1 10 1
e 1 11 1
e 1 12 1
e 2 3 1
e 2 6 1
e 2 9 1
e 2 11 1
e 2 13 1
e 3 4 1
e 3 6 1
e 3 9 1
e 3 11 1
e 3 12 1
e 3 13 1
e 3 14 1
e 3 15 1
e 3 16 1
e 3 17 1
e 3 18 1
e 3 19 1
e 4 12 1
e 4 20 1
e 5 7 1
e 5 8 1
e 5 9 1
e 5 11 1
e 6 7 1
e 6 9 1
e 6 10 1
e 6 11 1
e 6 12 1
e 6 13 1
e 6 16 1
e 6 17 1
e 6 20 1
e 6 21 1
e 6 22 1
e 6 23 1
e 6 24 1
e 6 25 1
e 6 26 1
e 6 27 1
e 6 28 1
e 7 8 1
e 7 9 1
e 7 11 1
e 7 22 1
e 7 29 1
e 8 9 1
e 8 11 1
e 9 10 1
e 9 11 1
e 9 12 1
e 9 26 1
e 10 11 1
e 10 12 1
e 10 20 1
e 10 22 1
e 10 30 1
e 10 31 1
e 11 12 1
e 11 26 1
e 11 28 1
e 12 17 1
e 12 20 1
e 12 27 1
e 12 32 1
e 13 15 1
e 13 17 1
e 13 19 1
e 14 33 1
e 14 34 1
e 14 35 1
e 14 36 1
e 15 17 1
e 15 18 1
e 15 19 1
e 15 37 1
e 15 38 1
e 15 39 1
e 16 25 1
e 16 28 1
e 17 19 1
e 18 19 1
e 18 40 1
e 18 41 1
e 19 25 1
e 19 37 1
e 19 38 1
e 20 21 1
e 20 22 1
e 20 23 1
e 20 29 1
e 20 31 1
e 20 42 1
e 20 43 1
e 20 44 1
e 21 22 1
e 21 23 1
e 21 29 1
e 21 43 1
e 21 45 1
e 21 46 1
e 21 47 1
e 21 48 1
e 21 49 1
e 21 50 1
e 22 23 1
e 22 29 1
e 22 43 1
e 22 45 1
e 22 46 1
e 22 47 1
e 22 48 1
e 22 49 1
e 22 51 1
e 23 29 1
e 23 36 1
e 23 43 1
e 23 45 1
e 23 46 1
e 23 47 1
e 23 48 1
e 23 49 1
e 23 50 1
e 23 52 1
e 23 53 1
e 24 25 1
e 24 27 1
e 25 27 1
e 25 28 1
e 25 31 1
e 26 30 1
e 27 28 1
e 29 31 1
e 29 42 1
e 29 43 1
e 29 44 1
e 29 45 1
e 29 46 1
e 29 49 1
e 29 54 1
e 29 55 1
e 29 56 1
e 30 46 1
e 31 32 1
e 31 42 1
e 31 44 1
e 32 42 1
e 32 57 1
e 33 58 1
e 34 59 1
e 34 60 1
e 35 61 1
e 35 62 1
e 36 50 1
e 36 63 1
e 36 64 1
e 37 65 1
e 37 66 1
e 37 67 1
e 37 68 1
e 37 69 1
e 37 70 1
e 37 71 1
e 38 67 1
e 38 72 1
e 38 73 1
e 38 74 1
e 40 41 1
e 41 72 1
e 41 74 1
e 42 44 1
e 42 57 1
e 42 75 1
e 43 49 1
e 43 50 1
e 43 51 1
e 43 52 1
e 43 54 1
e 43 56 1
e 43 76 1
e 44 56 1
e 45 46 1
e 45 48 1
e 45 51 1
e 45 77 1
e 46 47 1
e 46 48 1
e 46 49 1
e 46 77 1
e 47 48 1
e 47 78 1
e 48 49 1
e 48 51 1
e 48 77 1
e 48 79 1
e 49 51 1
e 49 55 1
e 49 80 1
e 50 52 1
e 50 63 1
e 50 81 1
e 51 82 1
e 51 83 1
e 51 84 1
e 51 85 1
e 51 86 1
e 52 76 1
e 54 56 1
e 56 82 1
e 56 87 1
e 59 60 1
e 60 88 1
e 60 89 1
e 61 89 1
e 61 90 1
e 61 91 1
e 62 88 1
e 62 92 1
e 63 93 1
e 63 94 1
e 63 95 1
e 65 66 1
e 65 67 1
e 65 68 1
e 65 69 1
e 65 70 1
e 65 71 1
e 65 96 1
e 66 67 1
e 66 68 1
e 66 69 1
e 66 70 1
e 66 71 1
e 66 72 1
e 66 73 1
e 67 68 1
e 67 69 1
e 67 70 1
e 67 71 1
e 67 72 1
e 68 69 1
e 68 70 1
e 68 71 1
e 68 72 1
e 69 70 1
e 69 71 1
e 69 95 1
e 70 71 1
e 70 72 1
e 71 96 1
e 72 74 1
e 73 74 1
e 75 97 1
e 77 98 1
e 79 85 1
e 82 99 1
e 83 85 1
e 83 86 1
e 83 100 1
e 83 101 1
e 85 86 1
e 85 100 1
e 85 101 1
e 85 102 1
e 88 89 1
e 88 90 1
e 88 91 1
e 88 92 1
e 88 103 1
e 89 90 1
e 89 91 1
e 89 92 1
e 90 92 1
e 93 95 1
e 93 104 1
e 93 105 1
e 94 95 1
e 96 106 1
e 96 107 1
e 96 108 1
e 96 109 1
e 97 103 1
e 97 110 1
e 100 101 1
e 100 102 1
e 100 111 1
e 101 102 1
e 104 112 1
e 106 108 1
e 106 109 1
e 107 108 1
e 107 109 1
e 107 113 1
e 107 114 1
e 108 109 1
e 109 115 1
e 110 116 1
e 111 117 1
e 112 118 1
e 113 114 1
e 113 119 1
e 113 120 1
e 113 121 1
e 113 122 1
e 114 119 1
e 114 120 1
e 114 121 1
e 114 122 1
e 114 123 1
e 114 124 1
e 119 120 1
e 119 121 1
e 119 125 1
e 119 126 1
e 120 121 1
e 120 123 1
e 120 124 1
e 120 127 1
e 121 123 1
e 121 125 1
e 122 123 1
e 122 128 1
e 123 124 1
e 123 127 1
e 123 128 1
e 123 129 1
e 124 128 1
e 125 126 1
e 125 130 1
e 125 131 1
e 126 130 1
e 127 129 1
e 130 131 1
e 130 132 1
e 130 133 1
e 131 133 1
t # 17
v 0 1
v 1 77
v 2 187
v 3 11
v 4 13
v 5 43
v 6 167
v 7 91
v 8 117
v 9 123
v 10 136
v 11 120
v 12 184
v 13 35
v 14 113
v 15 90
v 16 23
v 17 18
v 18 30
v 19 186
v 20 12
v 21 101
v 22 7
v 23 178
v 24 102
e 0 1 1
e 0 2 1
e 1 2 1
e 1 3 1
e 1 4 1
e 1 5 1
e 1 6 1
e 2 6 1
e 2 7 1
e 2 8 1
e 2 9 1
e 2 10 1
e 3 4 1
e 3 5 1
e 3 6 1
e 4 6 1
e 4 11 1
e 4 12 1
e 5 6 1
e 6 13 1
e 7 8 1
e 8 9 1
e 8 14 1
e 9 15 1
e 10 16 1
e 14 17 1
e 14 18 1
e 14 19 1
e 15 20 1
e 17 18 1
e 18 21 1
e 19 22 1
e 19 23 1
e 21 24 1
t # 18
v 0 4
v 1 60
v 2 108
v 3 114
v 4 126
v 5 147
v 6 175
v 7 27
v 8 134
v 9 145
v 10 38
v 11 41
v 12 45
v 13 162
v 14 189
v 15 29
v 16 53
v 17 128
v 18 54
v 19 123
v 20 115
v 21 75
v 22 73
v 23 125
v 24 137
v 25 182
v 26 187
v 27 8
v 28 57
v 29 98
v 30 133
v 31 65
e 0 1 1
e 0 2 1
e 0 3 1
e 0 4 1
e 0 5 1
e 0 6 1
e 1 4 1
e 1 5 1
e 2 5 1
e 2 6 1
e 2 7 1
e 2 8 1
e 2 9 1
e 3 4 1
e 3 10 1
e 3 11 1
e 3 12 1
e 3 13 1
e 3 14 1
e 4 5 1
e 4 6 1
e 4 7 1
e 4 9 1
e 4 12 1
e 4 14 1
e 4 15 1
e 5 7 1
e 5 8 1
e 5 9 1
e 5 16 1
e 5 17 1
e 6 7 1
e 7 9 1
e 7 17 1
e 8 9 1
e 8 17 1
e 9 16 1
e 9 17 1
e 10 13 1
e 10 18 1
e 12 13 1
e 12 14 1
e 14 19 1
e 16 20 1
e 18 21 1
e 19 22 1
e 19 23 1
e 19 24 1
e 19 25 1
e 19 26 1
e 22 23 1
e 22 27 1
e 22 28 1
e 22 29 1
e 23 24 1
e 23 30 1
e 24 30 1
e 27 28 1
e 30 31 1
t # 19
v 0 4
v 1 27
v 2 60
v 3 108
v 4 126
v 5 134
v 6 175
v 7 128
v 8 166
v 9 105
v 10 114
v 11 147
v 12 119
v 13 41
v 14 45
v 15 145
v 16 54
v 17 38
v 18 162
v 19 75
v 20 127
e 0 1 1
e 0 2 1
e 0 3 1
e 0 4 1
e 0 5 1
e 0 6 1
e 1 2 1
e 1 3 1
e 1 4 1
e 1 5 1
e 1 6 1
e 1 7 1
e 1 8 1
e 2 4 1
e 2 5 1
e 3 4 1
e 3 5 1
e 3 8 1
e 3 9 1
e 4 5 1
e 4 6 1
e 4 8 1
e 4 10 1
e 4 11 1
e 5 6 1
e 5 7 1
e 5 8 1
e 6 8 1
e 9 12 1
e 10 13 1
e 10 14 1
e 11 15 1
e 12 16 1
e 13 17 1
e 14 18 1
e 16 19 1
e 17 20 1
t # 20
v 0 4
v 1 60
v 2 145
v 3 147
v 4 27
v 5 117
v 6 126
v 7 189
v 8 53
v 9 79
v 10 91
v 11 108
v 12 134
v 13 166
v 14 175
v 15 144
v 16 71
v 17 86
v 18 150
v 19 163
v 20 115
v 21 105
v 22 152
v 23 178
v 24 119
v 25 73
v 26 82
v 27 160
v 28 50
v 29 92
v 30 165
v 31 137
v 32 187
v 33 90
v 34 46
v 35 123
v 36 188
v 37 77
v 38 12
v 39 133
v 40 35
v 41 167
e 0 1 1
e 0 2 1
e 0 3 1
e 1 2 1
e 1 3 1
e 1 4 1
e 1 5 1
e 1 6 1
e 1 7 1
e 2 3 1
e 2 6 1
e 2 8 1
e 3 4 1
e 3 6 1
e 3 9 1
e 3 10 1
e 3 11 1
e 3 12 1
e 4 6 1
e 4 9 1
e 4 11 1
e 4 13 1
e 4 14 1
e 5 10 1
e 5 15 1
e 6 9 1
e 6 16 1
e 6 17 1
e 6 18 1
e 6 19 1
e 7 15 1
e 7 19 1
e 8 20 1
e 9 10 1
e 9 11 1
e 9 17 1
e 9 21 1
e 10 15 1
e 10 22 1
e 10 23 1
e 11 17 1
e 11 21 1
e 11 24 1
e 13 14 1
e 15 25 1
e 16 26 1
e 16 27 1
e 17 21 1
e 17 24 1
e 18 28 1
e 18 29 1
e 19 30 1
e 21 24 1
e 25 31 1
e 25 32 1
e 26 33 1
e 28 29 1
e 31 32 1
e 31 33 1
e 31 34 1
e 31 35 1
e 31 36 1
e 32 37 1
e 33 34 1
e 33 35 1
e 33 38 1
e 34 35 1
e 34 36 1
e 35 39 1
e 36 39 1
e 37 40 1
e 37 41 1
t # 21
v 0 1
v 1 35
v 2 89
v 3 77
v 4 32
v 5 187
v 6 137
v 7 46
v 8 133
v 9 111
v 10 123
v 11 188
v 12 12
v 13 11
v 14 71
v 15 82
v 16 90
v 17 95
v 18 129
v 19 18
v 20 30
v 21 101
v 22 102
v 23 113
v 24 51
v 25 103
v 26 185
v 27 138
v 28 186
v 29 83
v 30 29
v 31 63
v 32 7
e 0 1 1
e 0 2 1
e 1 3 1
e 2 4 1
e 3 5 1
e 5 6 1
e 6 7 1
e 6 8 1
e 7 9 1
e 7 10 1
e 7 11 1
e 8 11 1
e 9 11 1
e 10 12 1
e 12 13 1
e 12 14 1
e 12 15 1
e 12 16 1
e 12 17 1
e 12 18 1
e 13 15 1
e 13 16 1
e 13 18 1
e 13 19 1
e 13 20 1
e 13 21 1
e 13 22 1
e 13 23 1
e 14 15 1
e 14 24 1
e 14 25 1
e 15 16 1
e 15 17 1
e 15 18 1
e 15 22 1
e 15 24 1
e 16 17 1
e 16 18 1
e 16 22 1
e 17 18 1
e 17 26 1
e 18 27 1
e 19 20 1
e 19 23 1
e 19 28 1
e 20 21 1
e 20 22 1
e 20 23 1
e 20 28 1
e 21 22 1
e 21 29 1
e 23 28 1
e 24 25 1
e 27 30 1
e 28 31 1
e 31 32 1
t # 22
v 0 4
v 1 60
v 2 105
v 3 108
v 4 119
v 5 145
v 6 147
v 7 134
v 8 27
v 9 53
v 10 126
v 11 115
v 12 128
v 13 158
v 14 166
v 15 175
v 16 45
v 17 73
v 18 144
v 19 37
v 20 182
v 21 183
v 22 168
e 0 1 1
e 0 2 1
e 0 3 1
e 0 4 1
e 0 5 1
e 0 6 1
e 1 2 1
e 1 3 1
e 1 6 1
e 1 7 1
e 2 3 1
e 2 4 1
e 2 6 1
e 3 4 1
e 3 5 1
e 3 6 1
e 3 8 1
e 5 6 1
e 5 9 1
e 5 10 1
e 6 7 1
e 6 8 1
e 6 9 1
e 6 11 1
e 7 8 1
e 7 12 1
e 7 13 1
e 7 14 1
e 7 15 1
e 8 14 1
e 8 15 1
e 9 11 1
e 10 16 1
e 11 12 1
e 14 15 1
e 15 17 1
e 17 18 1
e 18 19 1
e 19 20 1
e 19 21 1
e 20 22 1
t # 23
v 0 7
v 1 18
v 2 63
v 3 146
v 4 178
v 5 101
v 6 100
v 7 117
v 8 152
v 9 186
v 10 11
v 11 30
v 12 42
v 13 43
v 14 102
v 15 68
v 16 56
v 17 97
v 18 113
v 19 137
v 20 83
v 21 14
v 22 12
v 23 46
v 24 91
v 25 188
e 0 1 1
e 0 2 1
e 0 3 1
e 0 4 1
e 1 5 1
e 3 4 1
e 3 6 1
e 4 6 1
e 4 7 1
e 4 8 1
e 4 9 1
e 5 10 1
e 5 11 1
e 5 12 1
e 5 13 1
e 5 14 1
e 7 15 1
e 8 16 1
e 8 17 1
e 9 18 1
e 10 13 1
e 10 14 1
e 10 19 1
e 11 14 1
e 12 14 1
e 14 20 1
e 16 21 1
e 18 22 1
e 19 23 1
e 21 24 1
e 23 25 1
t # 24
v 0 2
v 1 67
v 2 160
v 3 71
v 4 12
v 5 66
v 6 129
v 7 131
v 8 90
v 9 177
v 10 103
v 11 46
v 12 82
v 13 123
v 14 172
v 15 124
v 16 111
v 17 188
v 18 133
v 19 76
v 20 69
v 21 110
v 22 170
v 23 31
v 24 49
v 25 24
v 26 85
v 27 87
v 28 3
v 29 132
v 30 185
v 31 84
e 0 1 1
e 0 2 1
e 1 2 1
e 1 3 1
e 2 3 1
e 3 4 1
e 3 5 1
e 3 6 1
e 3 7 1
e 4 5 1
e 4 6 1
e 4 8 1
e 4 9 1
e 6 8 1
e 6 10 1
e 7 9 1
e 8 11 1
e 8 12 1
e 8 13 1
e 8 14 1
e 9 15 1
e 11 12 1
e 11 13 1
e 11 16 1
e 11 17 1
e 12 13 1
e 12 14 1
e 12 17 1
e 12 18 1
e 13 17 1
e 13 18 1
e 15 19 1
e 17 18 1
e 19 20 1
e 19 21 1
e 20 22 1
e 21 23 1
e 21 24 1
e 22 25 1
e 22 26 1
e 22 27 1
e 23 24 1
e 23 28 1
e 25 26 1
e 25 27 1
e 25 29 1
e 25 30 1
e 26 29 1
e 28 31 1
t # 25
v 0 2
v 1 189
v 2 45
v 3 52
v 4 73
v 5 101
v 6 114
v 7 117
v 8 126
v 9 169
v 10 47
v 11 88
v 12 125
v 13 147
v 14 146
v 15 27
v 16 145
v 17 22
v 18 168
v 19 4
v 20 53
v 21 115
v 22 108
v 23 60
v 24 105
v 25 119
v 26 166
v 27 175
e 0 1 1
e 1 2 1
e 1 3 1
e 1 4 1
e 1 5 1
e 1 6 1
e 1 7 1
e 1 8 1
e 1 9 1
e 2 6 1
e 2 8 1
e 3 6 1
e 3 10 1
e 3 11 1
e 4 7 1
e 4 8 1
e 4 12 1
e 4 13 1
e 7 8 1
e 7 13 1
e 7 14 1
e 8 13 1
e 8 15 1
e 8 16 1
e 9 17 1
e 10 18 1
e 13 16 1
e 13 19 1
e 13 20 1
e 13 21 1
e 15 22 1
e 16 20 1
e 19 22 1
e 19 23 1
e 20 21 1
e 22 23 1
e 22 24 1
e 22 25 1
e 23 26 1
e 24 25 1
e 26 27 1
t # 26
v 0 4
v 1 108
v 2 27
v 3 126
v 4 175
v 5 147
v 6 97
v 7 145
v 8 115
v 9 53
v 10 128
v 11 158
v 12 134
e 0 1 1
e 1 2 1
e 1 3 1
e 1 4 1
e 2 3 1
e 2 5 1
e 3 4 1
e 3 6 1
e 3 7 1
e 5 7 1
e 5 8 1
e 7 8 1
e 7 9 1
e 8 9 1
e 9 10 1
e 9 11 1
e 10 12 1
t # 27
v 0 3
v 1 31
v 2 84
v 3 174
v 4 23
v 5 49
v 6 69
v 7 76
v 8 85
v 9 110
v 10 121
v 11 136
v 12 170
v 13 142
v 14 24
v 15 87
v 16 132
v 17 124
v 18 161
v 19 62
v 20 173
e 0 1 1
e 0 2 1
e 0 3 1
e 1 2 1
e 1 4 1
e 1 5 1
e 1 6 1
e 1 7 1
e 1 8 1
e 1 9 1
e 1 10 1
e 1 11 1
e 1 12 1
e 2 9 1
e 3 13 1
e 4 6 1
e 4 7 1
e 4 10 1
e 4 11 1
e 4 12 1
e 5 7 1
e 5 8 1
e 5 9 1
e 5 10 1
e 5 14 1
e 5 15 1
e 5 16 1
e 6 7 1
e 6 8 1
e 6 10 1
e 6 11 1
e 6 12 1
e 7 8 1
e 7 9 1
e 7 10 1
e 7 11 1
e 7 12 1
e 7 17 1
e 7 18 1
e 8 9 1
e 8 10 1
e 8 12 1
e 8 14 1
e 8 15 1
e 8 16 1
e 9 10 1
e 9 16 1
e 9 19 1
e 10 11 1
e 10 12 1
e 10 18 1
e 11 12 1
e 14 15 1
e 14 16 1
e 15 16 1
e 17 18 1
e 19 20 1
t # 28
v 0 4
v 1 27
v 2 60
v 3 108
v 4 147
v 5 175
v 6 25
v 7 126
v 8 145
v 9 166
v 10 128
v 11 44
v 12 62
v 13 41
v 14 114
v 15 53
v 16 63
v 17 96
v 18 115
v 19 7
v 20 97
e 0 1 1
e 0 2 1
e 0 3 1
e 0 4 1
e 0 5 1
e 1 3 1
e 1 4 1
e 1 5 1
e 1 6 1
e 1 7 1
e 1 8 1
e 1 9 1
e 2 4 1
e 3 4 1
e 3 5 1
e 3 6 1
e 3 8 1
e 3 10 1
e 4 8 1
e 5 7 1
e 6 7 1
e 6 8 1
e 6 11 1
e 6 12 1
e 7 8 1
e 7 13 1
e 7 14 1
e 8 10 1
e 8 15 1
e 9 16 1
e 11 12 1
e 11 17 1
e 13 14 1
e 15 18 1
e 16 19 1
e 16 20 1
e 19 20 1
t # 29
v 0 1
v 1 13
v 2 32
v 3 33
v 4 35
v 5 42
v 6 77
v 7 89
v 8 102
v 9 118
v 10 133
v 11 137
v 12 167
v 13 171
v 14 187
v 15 5
v 16 26
v 17 30
v 18 101
v 19 120
v 20 158
v 21 184
v 22 9
v 23 81
v 24 98
v 25 106
v 26 188
v 27 113
v 28 21
v 29 59
v 30 70
v 31 74
v 32 83
v 33 48
v 34 150
v 35 86
v 36 123
v 37 165
v 38 64
v 39 75
v 40 122
v 41 39
v 42 53
v 43 128
v 44 134
v 45 115
v 46 18
v 47 109
v 48 12
v 49 52
v 50 54
v 51 68
v 52 78
v 53 88
v 54 160
v 55 163
v 56 47
v 57 105
v 58 20
v 59 73
v 60 153
v 61 46
v 62 14
v 63 43
v 64 80
v 65 65
v 66 72
v 67 67
v 68 66
v 69 79
v 70 114
v 71 119
v 72 63
v 73 36
v 74 45
v 75 168
v 76 107
v 77 6
v 78 71
v 79 103
v 80 90
v 81 140
v 82 56
v 83 110
v 84 177
v 85 44
v 86 51
v 87 55
v 88 95
v 89 96
v 90 132
v 91 143
v 92 180
v 93 181
v 94 185
v 95 179
v 96 126
v 97 7
v 98 146
v 99 172
v 100 93
v 101 112
v 102 141
v 103 82
v 104 111
v 105 24
v 106 25
v 107 31
v 108 49
v 109 62
v 110 76
v 111 135
v 112 124
v 113 131
v 114 148
v 115 99
v 116 154
v 117 15
v 118 69
v 119 87
v 120 170
v 121 85
v 122 37
v 123 27
v 124 175
v 125 166
v 126 173
v 127 136
v 128 121
v 129 23
v 130 161
v 131 183
v 132 130
e 0 1 1
e 0 2 1
e 0 3 1
e 0 4 1
e 0 5 1
e 0 6 1
e 0 7 1
e 0 8 1
e 0 9 1
e 0 10 1
e 0 11 1
e 0 12 1
e 0 13 1
e 0 14 1
e 1 2 1
e 1 3 1
e 1 4 1
e 1 5 1
e 1 6 1
e 1 7 1
e 1 8 1
e 1 9 1
e 1 10 1
e 1 11 1
e 1 12 1
e 1 13 1
e 1 14 1
e 1 15 1
e 1 16 1
e 1 17 1
e 1 18 1
e 1 19 1
e 1 20 1
e 1 21 1
e 2 3 1
e 2 4 1
e 2 5 1
e 2 6 1
e 2 7 1
e 2 8 1
e 2 9 1
e 2 10 1
e 2 11 1
e 2 12 1
e 2 13 1
e 2 14 1
e 2 16 1
e 2 22 1
e 2 23 1
e 2 24 1
e 2 25 1
e 2 26 1
e 3 4 1
e 3 5 1
e 3 6 1
e 3 7 1
e 3 8 1
e 3 9 1
e 3 10 1
e 3 11 1
e 3 12 1
e 3 13 1
e 3 14 1
e 3 16 1
e 3 24 1
e 3 26 1
e 4 5 1
e 4 6 1
e 4 7 1
e 4 8 1
e 4 9 1
e 4 11 1
e 4 12 1
e 4 13 1
e 4 14 1
e 4 16 1
e 4 26 1
e 5 6 1
e 5 7 1
e 5 8 1
e 5 9 1
e 5 10 1
e 5 11 1
e 5 12 1
e 5 13 1
e 5 14 1
e 5 17 1
e 5 26 1
e 5 27 1
e 6 7 1
e 6 8 1
e 6 9 1
e 6 11 1
e 6 12 1
e 6 13 1
e 6 14 1
e 6 18 1
e 7 9 1
e 7 10 1
e 7 11 1
e 7 12 1
e 7 13 1
e 7 14 1
e 7 26 1
e 8 9 1
e 8 10 1
e 8 12 1
e 8 14 1
e 8 17 1
e 8 27 1
e 8 28 1
e 8 29 1
e 8 30 1
e 8 31 1
e 8 32 1
e 9 10 1
e 9 11 1
e 9 12 1
e 9 13 1
e 9 14 1
e 9 16 1
e 9 24 1
e 9 26 1
e 9 33 1
e 9 34 1
e 10 11 1
e 10 12 1
e 10 13 1
e 10 14 1
e 10 26 1
e 10 35 1
e 10 36 1
e 10 37 1
e 11 12 1
e 11 13 1
e 11 14 1
e 11 15 1
e 11 16 1
e 11 19 1
e 11 20 1
e 11 21 1
e 11 26 1
e 11 33 1
e 12 13 1
e 12 14 1
e 12 17 1
e 12 26 1
e 12 34 1
e 12 38 1
e 12 39 1
e 12 40 1
e 13 14 1
e 13 16 1
e 13 21 1
e 13 24 1
e 13 26 1
e 13 33 1
e 13 34 1
e 13 38 1
e 14 17 1
e 14 18 1
e 15 16 1
e 15 20 1
e 15 21 1
e 15 41 1
e 15 42 1
e 15 43 1
e 15 44 1
e 16 20 1
e 16 21 1
e 16 26 1
e 16 33 1
e 16 41 1
e 16 42 1
e 16 45 1
e 17 30 1
e 18 46 1
e 19 33 1
e 19 43 1
e 19 47 1
e 20 21 1
e 20 42 1
e 20 44 1
e 21 41 1
e 21 42 1
e 21 43 1
e 22 23 1
e 22 34 1
e 22 35 1
e 22 37 1
e 22 48 1
e 22 49 1
e 22 50 1
e 22 51 1
e 22 52 1
e 22 53 1
e 22 54 1
e 22 55 1
e 23 24 1
e 23 34 1
e 23 37 1
e 23 39 1
e 23 49 1
e 23 50 1
e 23 53 1
e 23 55 1
e 23 56 1
e 23 57 1
e 24 34 1
e 24 38 1
e 24 39 1
e 24 49 1
e 24 50 1
e 24 56 1
e 24 58 1
e 24 59 1
e 24 60 1
e 25 26 1
e 25 42 1
e 26 33 1
e 26 45 1
e 26 61 1
e 27 29 1
e 27 30 1
e 27 62 1
e 28 29 1
e 28 30 1
e 28 31 1
e 28 32 1
e 28 63 1
e 28 64 1
e 29 30 1
e 29 31 1
e 29 32 1
e 29 40 1
e 29 65 1
e 29 66 1
e 30 31 1
e 30 35 1
e 30 40 1
e 30 67 1
e 31 40 1
e 32 63 1
e 32 64 1
e 34 37 1
e 34 38 1
e 34 39 1
e 34 40 1
e 34 49 1
e 34 50 1
e 34 53 1
e 34 56 1
e 34 58 1
e 35 37 1
e 35 49 1
e 35 50 1
e 35 51 1
e 35 67 1
e 35 68 1
e 35 69 1
e 35 70 1
e 35 71 1
e 37 39 1
e 37 49 1
e 37 50 1
e 37 53 1
e 37 55 1
e 37 56 1
e 37 72 1
e 38 39 1
e 38 40 1
e 38 49 1
e 38 50 1
e 38 56 1
e 38 58 1
e 38 60 1
e 38 73 1
e 38 74 1
e 38 75 1
e 39 40 1
e 39 49 1
e 39 50 1
e 39 53 1
e 39 56 1
e 39 58 1
e 39 60 1
e 39 70 1
e 39 73 1
e 39 74 1
e 40 49 1
e 40 50 1
e 40 58 1
e 40 60 1
e 40 62 1
e 40 65 1
e 41 42 1
e 41 43 1
e 42 43 1
e 42 45 1
e 43 44 1
e 45 61 1
e 45 76 1
e 48 51 1
e 48 52 1
e 48 54 1
e 48 67 1
e 48 77 1
e 48 78 1
e 48 79 1
e 49 50 1
e 49 51 1
e 49 53 1
e 49 54 1
e 49 55 1
e 49 56 1
e 49 58 1
e 49 69 1
e 49 73 1
e 49 74 1
e 50 53 1
e 50 55 1
e 50 56 1
e 50 57 1
e 50 58 1
e 50 60 1
e 50 69 1
e 50 70 1
e 50 71 1
e 50 74 1
e 51 53 1
e 51 54 1
e 51 67 1
e 51 68 1
e 51 69 1
e 51 77 1
e 51 78 1
e 51 79 1
e 52 54 1
e 52 67 1
e 52 68 1
e 52 78 1
e 52 80 1
e 52 81 1
e 53 56 1
e 53 58 1
e 53 69 1
e 54 67 1
e 54 68 1
e 54 77 1
e 54 78 1
e 54 80 1
e 56 58 1
e 56 72 1
e 56 74 1
e 56 75 1
e 57 71 1
e 58 60 1
e 58 70 1
e 58 73 1
e 58 74 1
e 58 75 1
e 60 82 1
e 60 83 1
e 60 84 1
e 61 76 1
e 62 82 1
e 63 64 1
e 66 85 1
e 66 86 1
e 66 87 1
e 66 88 1
e 66 89 1
e 66 90 1
e 66 91 1
e 66 92 1
e 66 93 1
e 66 94 1
e 67 68 1
e 67 77 1
e 67 78 1
e 67 80 1
e 67 95 1
e 68 69 1
e 69 77 1
e 70 71 1
e 70 73 1
e 70 74 1
e 70 96 1
e 72 97 1
e 73 96 1
e 74 75 1
e 74 98 1
e 76 99 1
e 77 95 1
e 77 100 1
e 77 101 1
e 77 102 1
e 78 79 1
e 80 81 1
e 80 103 1
e 81 103 1
e 81 104 1
e 82 105 1
e 83 84 1
e 83 89 1
e 83 90 1
e 83 94 1
e 83 106 1
e 83 107 1
e 83 108 1
e 83 109 1
e 83 110 1
e 83 111 1
e 84 89 1
e 84 90 1
e 84 94 1
e 84 106 1
e 84 107 1
e 84 108 1
e 84 109 1
e 84 110 1
e 84 112 1
e 84 113 1
e 84 114 1
e 85 87 1
e 85 89 1
e 85 91 1
e 85 93 1
e 85 95 1
e 85 115 1
e 85 116 1
e 86 88 1
e 86 89 1
e 86 94 1
e 87 89 1
e 87 91 1
e 87 93 1
e 87 95 1
e 87 102 1
e 87 115 1
e 87 116 1
e 88 89 1
e 88 90 1
e 88 94 1
e 88 106 1
e 88 114 1
e 88 117 1
e 89 90 1
e 89 91 1
e 89 94 1
e 89 106 1
e 90 92 1
e 90 94 1
e 90 105 1
e 90 106 1
e 90 110 1
e 90 112 1
e 90 118 1
e 90 119 1
e 90 120 1
e 91 93 1
e 91 95 1
e 91 101 1
e 91 102 1
e 91 115 1
e 91 116 1
e 92 105 1
e 92 119 1
e 92 121 1
e 93 95 1
e 94 106 1
e 94 109 1
e 94 114 1
e 94 119 1
e 94 122 1
e 96 123 1
e 96 124 1
e 98 125 1
e 100 126 1
e 101 102 1
e 101 115 1
e 102 115 1
e 102 116 1
e 105 119 1
e 106 109 1
e 106 111 1
e 106 114 1
e 106 117 1
e 106 122 1
e 106 127 1
e 107 108 1
e 107 110 1
e 107 112 1
e 107 128 1
e 108 110 1
e 108 111 1
e 108 113 1
e 109 111 1
e 109 114 1
e 109 122 1
e 109 126 1
e 110 112 1
e 110 118 1
e 110 120 1
e 110 121 1
e 110 127 1
e 110 128 1
e 110 129 1
e 110 130 1
e 111 114 1
e 111 126 1
e 113 114 1
e 114 117 1
e 115 116 1
e 118 120 1
e 118 127 1
e 118 128 1
e 118 129 1
e 119 121 1
e 120 121 1
e 120 122 1
e 120 127 1
e 120 128 1
e 120 129 1
e 120 130 1
e 121 130 1
e 122 127 1
e 122 129 1
e 122 131 1
e 123 124 1
e 127 128 1
e 127 129 1
e 128 129 1
e 128 130 1
e 131 132 1
t # 30
v 0 1
v 1 77
v 2 187
v 3 117
v 4 123
v 5 133
v 6 73
v 7 182
v 8 53
v 9 91
v 10 160
v 11 81
v 12 108
v 13 115
v 14 145
v 15 147
v 16 150
v 17 14
v 18 71
v 19 103
v 20 126
v 21 4
v 22 27
v 23 60
v 24 175
v 25 50
v 26 92
v 27 30
v 28 82
v 29 113
v 30 119
v 31 105
v 32 90
v 33 101
v 34 102
v 35 12
v 36 129
v 37 146
v 38 186
v 39 83
v 40 68
v 41 36
e 0 1 1
e 0 2 1
e 1 2 1
e 1 3 1
e 1 4 1
e 2 4 1
e 2 5 1
e 3 6 1
e 3 7 1
e 4 5 1
e 6 8 1
e 6 9 1
e 6 10 1
e 8 11 1
e 8 12 1
e 8 13 1
e 8 14 1
e 8 15 1
e 8 16 1
e 9 10 1
e 9 17 1
e 9 18 1
e 9 19 1
e 11 13 1
e 11 14 1
e 11 15 1
e 11 16 1
e 11 20 1
e 12 14 1
e 12 15 1
e 12 20 1
e 12 21 1
e 12 22 1
e 12 23 1
e 12 24 1
e 13 14 1
e 13 15 1
e 14 15 1
e 14 16 1
e 14 20 1
e 14 24 1
e 15 16 1
e 15 21 1
e 15 22 1
e 15 23 1
e 16 25 1
e 16 26 1
e 17 19 1
e 18 19 1
e 18 27 1
e 18 28 1
e 20 22 1
e 20 24 1
e 20 29 1
e 21 23 1
e 21 24 1
e 21 30 1
e 22 23 1
e 22 24 1
e 23 24 1
e 23 30 1
e 23 31 1
e 25 26 1
e 27 28 1
e 27 29 1
e 27 32 1
e 27 33 1
e 27 34 1
e 28 32 1
e 28 33 1
e 29 32 1
e 29 35 1
e 29 36 1
e 29 37 1
e 29 38 1
e 30 31 1
e 32 35 1
e 32 36 1
e 33 34 1
e 34 39 1
e 35 36 1
e 35 40 1
e 37 38 1
e 37 41 1
t # 31
v 0 7
v 1 18
v 2 63
v 3 113
v 4 30
v 5 101
v 6 152
v 7 97
v 8 186
v 9 11
v 10 43
v 11 102
v 12 83
v 13 33
v 14 82
v 15 100
v 16 178
v 17 90
v 18 74
v 19 42
v 20 12
v 21 71
v 22 91
v 23 123
v 24 133
v 25 117
v 26 103
v 27 122
v 28 77
v 29 187
v 30 59
v 31 129
v 32 70
v 33 35
v 34 167
v 35 65
e 0 1 1
e 0 2 1
e 0 3 1
e 1 4 1
e 1 5 1
e 1 6 1
e 2 3 1
e 2 7 1
e 2 8 1
e 4 5 1
e 4 9 1
e 4 10 1
e 4 11 1
e 5 6 1
e 5 10 1
e 5 11 1
e 5 12 1
e 6 7 1
e 6 13 1
e 6 14 1
e 6 15 1
e 6 16 1
e 7 8 1
e 7 15 1
e 8 15 1
e 8 16 1
e 8 17 1
e 9 10 1
e 9 11 1
e 10 11 1
e 10 12 1
e 11 12 1
e 12 18 1
e 13 19 1
e 14 17 1
e 14 20 1
e 14 21 1
e 14 22 1
e 14 23 1
e 14 24 1
e 15 16 1
e 15 17 1
e 16 17 1
e 16 25 1
e 17 23 1
e 17 26 1
e 18 27 1
e 20 23 1
e 21 22 1
e 22 24 1
e 22 25 1
e 23 24 1
e 23 28 1
e 23 29 1
e 24 29 1
e 25 30 1
e 26 31 1
e 27 32 1
e 28 29 1
e 28 33 1
e 28 34 1
e 30 35 1
e 33 34 1
t # 32
v 0 0
v 1 99
v 2 159
v 3 93
v 4 141
v 5 154
v 6 173
v 7 38
v 8 50
v 9 51
v 10 72
v 11 92
v 12 127
v 13 148
v 14 6
v 15 62
v 16 135
v 17 16
v 18 20
v 19 41
v 20 54
v 21 75
v 22 94
v 23 105
v 24 112
v 25 119
v 26 150
v 27 162
v 28 175
v 29 176
v 30 64
v 31 143
v 32 96
v 33 166
v 34 185
v 35 95
v 36 130
v 37 155
v 38 86
v 39 46
v 40 52
v 41 73
v 42 177
v 43 188
v 44 88
v 45 124
v 46 4
v 47 108
v 48 61
v 49 27
v 50 126
v 51 137
v 52 98
v 53 125
v 54 47
v 55 76
v 56 131
v 57 132
v 58 161
v 59 111
v 60 60
v 61 147
v 62 26
v 63 28
v 64 40
v 65 104
v 66 116
v 67 45
v 68 23
v 69 24
v 70 69
v 71 85
v 72 110
v 73 121
v 74 136
v 75 180
v 76 179
v 77 9
v 78 145
v 79 31
v 80 49
v 81 170
v 82 87
v 83 153
v 84 3
v 85 84
e 0 1 1
e 0 2 1
e 1 2 1
e 1 3 1
e 1 4 1
e 1 5 1
e 1 6 1
e 3 7 1
e 3 8 1
e 3 9 1
e 3 10 1
e 3 11 1
e 3 12 1
e 3 13 1
e 4 5 1
e 4 14 1
e 6 8 1
e 6 9 1
e 6 11 1
e 6 13 1
e 6 15 1
e 6 16 1
e 7 8 1
e 7 11 1
e 7 12 1
e 7 13 1
e 7 17 1
e 7 18 1
e 7 19 1
e 7 20 1
e 7 21 1
e 7 22 1
e 7 23 1
e 7 24 1
e 7 25 1
e 7 26 1
e 7 27 1
e 7 28 1
e 7 29 1
e 8 9 1
e 8 11 1
e 8 12 1
e 8 13 1
e 8 17 1
e 8 18 1
e 8 19 1
e 8 20 1
e 8 21 1
e 8 23 1
e 8 25 1
e 8 26 1
e 8 27 1
e 8 28 1
e 8 29 1
e 8 30 1
e 9 10 1
e 9 12 1
e 9 13 1
e 9 17 1
e 9 18 1
e 9 28 1
e 9 31 1
e 10 11 1
e 10 32 1
e 11 12 1
e 11 13 1
e 11 15 1
e 11 17 1
e 11 18 1
e 11 19 1
e 11 20 1
e 11 23 1
e 11 26 1
e 11 27 1
e 11 28 1
e 11 29 1
e 12 13 1
e 12 17 1
e 12 18 1
e 12 19 1
e 12 20 1
e 12 21 1
e 12 23 1
e 12 26 1
e 12 27 1
e 12 28 1
e 12 29 1
e 12 30 1
e 12 33 1
e 13 18 1
e 13 27 1
e 13 28 1
e 13 34 1
e 15 16 1
e 15 34 1
e 15 35 1
e 17 18 1
e 17 19 1
e 17 22 1
e 17 29 1
e 17 30 1
e 17 36 1
e 17 37 1
e 18 19 1
e 18 20 1
e 18 21 1
e 18 22 1
e 18 24 1
e 18 26 1
e 18 27 1
e 18 28 1
e 18 29 1
e 18 30 1
e 18 34 1
e 18 38 1
e 19 20 1
e 19 21 1
e 19 22 1
e 19 27 1
e 19 36 1
e 20 21 1
e 20 22 1
e 20 23 1
e 20 25 1
e 20 26 1
e 20 27 1
e 20 34 1
e 20 38 1
e 20 39 1
e 20 40 1
e 20 41 1
e 20 42 1
e 20 43 1
e 21 22 1
e 21 23 1
e 21 25 1
e 21 26 1
e 21 27 1
e 21 42 1
e 21 43 1
e 21 44 1
e 21 45 1
e 22 27 1
e 22 36 1
e 22 42 1
e 22 43 1
e 22 44 1
e 23 25 1
e 23 26 1
e 23 28 1
e 23 38 1
e 23 41 1
e 23 42 1
e 23 43 1
e 23 46 1
e 23 47 1
e 24 26 1
e 24 28 1
e 25 26 1
e 25 28 1
e 25 38 1
e 25 42 1
e 25 43 1
e 25 46 1
e 25 47 1
e 26 27 1
e 26 28 1
e 26 29 1
e 26 30 1
e 26 33 1
e 26 34 1
e 26 38 1
e 26 40 1
e 26 46 1
e 26 47 1
e 26 48 1
e 27 29 1
e 27 34 1
e 28 30 1
e 28 33 1
e 28 46 1
e 28 47 1
e 28 49 1
e 28 50 1
e 33 46 1
e 33 47 1
e 33 49 1
e 34 35 1
e 34 38 1
e 34 45 1
e 38 40 1
e 38 41 1
e 39 41 1
e 39 43 1
e 39 51 1
e 40 44 1
e 41 42 1
e 41 51 1
e 41 52 1
e 41 53 1
e 42 43 1
e 42 45 1
e 42 48 1
e 42 54 1
e 42 55 1
e 42 56 1
e 42 57 1
e 42 58 1
e 43 45 1
e 43 51 1
e 43 59 1
e 45 58 1
e 46 47 1
e 46 49 1
e 46 50 1
e 46 60 1
e 46 61 1
e 47 49 1
e 47 61 1
e 48 58 1
e 48 62 1
e 48 63 1
e 48 64 1
e 48 65 1
e 48 66 1
e 50 67 1
e 55 57 1
e 55 58 1
e 55 68 1
e 55 69 1
e 55 70 1
e 55 71 1
e 55 72 1
e 55 73 1
e 55 74 1
e 55 75 1
e 56 76 1
e 57 58 1
e 57 69 1
e 57 70 1
e 57 71 1
e 57 72 1
e 57 74 1
e 57 75 1
e 58 68 1
e 58 70 1
e 58 71 1
e 58 72 1
e 58 74 1
e 59 77 1
e 61 78 1
e 62 63 1
e 62 66 1
e 63 64 1
e 63 65 1
e 63 66 1
e 64 65 1
e 64 66 1
e 65 66 1
e 68 69 1
e 68 70 1
e 68 72 1
e 68 73 1
e 68 74 1
e 68 79 1
e 68 80 1
e 68 81 1
e 69 70 1
e 69 71 1
e 69 72 1
e 69 74 1
e 69 79 1
e 69 80 1
e 69 81 1
e 69 82 1
e 70 72 1
e 70 74 1
e 70 79 1
e 70 80 1
e 70 81 1
e 71 75 1
e 72 73 1
e 72 74 1
e 72 79 1
e 72 80 1
e 72 81 1
e 73 80 1
e 73 81 1
e 76 83 1
e 79 80 1
e 79 81 1
e 79 84 1
e 79 85 1
e 80 81 1
e 80 82 1
e 80 85 1
e 84 85 1
t # 33
v 0 1
v 1 13
v 2 35
v 3 77
v 4 167
v 5 187
v 6 11
v 7 43
v 8 137
v 9 118
v 10 65
v 11 101
v 12 102
v 13 46
v 14 184
v 15 188
e 0 1 1
e 0 2 1
e 0 3 1
e 0 4 1
e 0 5 1
e 1 3 1
e 1 4 1
e 1 5 1
e 1 6 1
e 1 7 1
e 1 8 1
e 2 3 1
e 2 4 1
e 2 5 1
e 2 6 1
e 3 4 1
e 3 5 1
e 3 6 1
e 3 7 1
e 3 9 1
e 4 5 1
e 4 6 1
e 4 7 1
e 4 8 1
e 4 9 1
e 5 6 1
e 5 7 1
e 6 7 1
e 7 8 1
e 7 10 1
e 7 11 1
e 7 12 1
e 8 13 1
e 8 14 1
e 11 12 1
e 13 15 1
t # 34
v 0 2
v 1 47
v 2 52
v 3 139
v 4 168
v 5 88
v 6 17
v 7 182
v 8 94
v 9 130
v 10 183
v 11 156
v 12 155
v 13 37
v 14 64
v 15 144
e 0 1 1
e 1 2 1
e 1 3 1
e 1 4 1
e 2 5 1
e 4 6 1
e 4 7 1
e 5 8 1
e 6 9 1
e 6 10 1
e 7 11 1
e 9 10 1
e 9 12 1
e 10 13 1
e 12 14 1
e 13 15 1
t # 35
v 0 1
v 1 35
v 2 77
v 3 187
v 4 167
v 5 133
v 6 82
v 7 91
v 8 123
v 9 12
v 10 46
v 11 71
v 12 90
v 13 129
v 14 186
v 15 117
v 16 188
v 17 113
v 18 63
v 19 7
e 0 1 1
e 0 2 1
e 0 3 1
e 1 2 1
e 1 4 1
e 2 3 1
e 2 4 1
e 3 5 1
e 5 6 1
e 5 7 1
e 5 8 1
e 6 8 1
e 6 9 1
e 6 10 1
e 6 11 1
e 6 12 1
e 6 13 1
e 6 14 1
e 7 11 1
e 7 15 1
e 8 10 1
e 8 12 1
e 9 10 1
e 9 11 1
e 9 12 1
e 9 13 1
e 10 13 1
e 10 16 1
e 11 14 1
e 11 17 1
e 12 13 1
e 14 17 1
e 14 18 1
e 17 18 1
e 18 19 1
t # 36
v 0 17
v 1 37
v 2 100
v 3 130
v 4 183
v 5 121
v 6 144
v 7 30
v 8 63
v 9 24
v 10 58
v 11 57
v 12 73
v 13 102
v 14 18
v 15 101
v 16 69
v 17 76
v 18 85
v 19 43
v 20 87
v 21 132
v 22 136
v 23 170
v 24 23
v 25 180
e 0 1 1
e 0 2 1
e 0 3 1
e 0 4 1
e 1 3 1
e 1 4 1
e 1 5 1
e 1 6 1
e 2 7 1
e 2 8 1
e 3 4 1
e 3 9 1
e 4 5 1
e 4 6 1
e 5 10 1
e 6 11 1
e 6 12 1
e 7 13 1
e 8 14 1
e 8 15 1
e 9 16 1
e 9 17 1
e 9 18 1
e 11 12 1
e 13 15 1
e 13 19 1
e 14 15 1
e 15 19 1
e 16 17 1
e 16 18 1
e 16 20 1
e 16 21 1
e 16 22 1
e 16 23 1
e 17 18 1
e 17 21 1
e 17 23 1
e 18 20 1
e 18 23 1
e 18 24 1
e 18 25 1
e 20 23 1
e 22 24 1
e 23 24 1
e 23 25 1
t # 37
v 0 17
v 1 37
v 2 94
v 3 130
v 4 144
v 5 183
v 6 23
v 7 121
v 8 136
v 9 155
v 10 31
v 11 69
v 12 76
v 13 170
v 14 49
v 15 85
v 16 110
v 17 132
v 18 24
v 19 87
v 20 180
v 21 177
v 22 161
v 23 124
e 0 1 1
e 0 2 1
e 0 3 1
e 0 4 1
e 0 5 1
e 1 4 1
e 1 5 1
e 1 6 1
e 1 7 1
e 1 8 1
e 2 3 1
e 2 9 1
e 5 6 1
e 5 7 1
e 5 8 1
e 6 7 1
e 6 8 1
e 6 10 1
e 6 11 1
e 6 12 1
e 6 13 1
e 7 8 1
e 8 10 1
e 10 11 1
e 10 12 1
e 10 13 1
e 10 14 1
e 11 12 1
e 11 13 1
e 11 15 1
e 12 13 1
e 12 14 1
e 12 16 1
e 12 17 1
e 13 15 1
e 14 16 1
e 15 17 1
e 15 18 1
e 15 19 1
e 16 17 1
e 16 20 1
e 17 18 1
e 17 19 1
e 17 20 1
e 17 21 1
e 18 19 1
e 18 20 1
e 20 22 1
e 21 23 1
e 22 23 1
t # 38
v 0 7
v 1 63
v 2 18
v 3 101
v 4 82
v 5 30
v 6 43
v 7 113
v 8 11
v 9 146
v 10 186
v 11 13
v 12 80
v 13 102
v 14 83
e 0 1 1
e 1 2 1
e 1 3 1
e 2 3 1
e 2 4 1
e 3 4 1
e 3 5 1
e 3 6 1
e 5 7 1
e 6 8 1
e 7 9 1
e 7 10 1
e 8 11 1
e 8 12 1
e 8 13 1
e 9 10 1
e 13 14 1
t # 39
v 0 1
v 1 35
v 2 43
v 3 77
v 4 187
v 5 18
v 6 83
v 7 101
v 8 102
v 9 167
v 10 123
v 11 30
v 12 63
v 13 21
v 14 74
v 15 11
v 16 90
v 17 133
v 18 113
v 19 186
v 20 12
e 0 1 1
e 0 2 1
e 0 3 1
e 0 4 1
e 1 3 1
e 2 4 1
e 2 5 1
e 2 6 1
e 2 7 1
e 2 8 1
e 3 9 1
e 4 10 1
e 5 7 1
e 5 11 1
e 5 12 1
e 6 7 1
e 6 8 1
e 6 13 1
e 6 14 1
e 7 8 1
e 8 11 1
e 8 13 1
e 8 14 1
e 8 15 1
e 10 16 1
e 10 17 1
e 11 18 1
e 11 19 1
e 13 14 1
e 16 20 1
e 18 19 1
t # 40
v 0 2
v 1 56
v 2 67
v 3 106
v 4 163
v 5 189
v 6 91
v 7 151
v 8 33
v 9 53
v 10 89
v 11 139
v 12 152
v 13 145
v 14 27
v 15 86
v 16 115
v 17 147
v 18 172
v 19 97
v 20 7
v 21 18
v 22 88
v 23 108
v 24 128
v 25 130
v 26 182
v 27 4
v 28 17
v 29 126
v 30 134
v 31 166
v 32 175
v 33 9
v 34 8
v 35 37
v 36 39
v 37 63
v 38 144
v 39 158
v 40 183
v 41 186
v 42 140
v 43 14
v 44 16
v 45 101
v 46 146
v 47 50
v 48 52
v 49 94
v 50 141
v 51 155
v 52 161
v 53 60
v 54 119
v 55 184
v 56 58
v 57 76
v 58 121
v 59 65
v 60 3
v 61 23
v 62 57
v 63 136
v 64 142
v 65 102
v 66 5
v 67 113
v 68 71
v 69 11
v 70 30
v 71 43
v 72 138
v 73 41
v 74 6
v 75 105
v 76 109
v 77 15
v 78 25
v 79 49
v 80 62
v 81 85
v 82 110
v 83 132
v 84 153
v 85 170
v 86 180
v 87 31
v 88 84
v 89 69
v 90 173
v 91 174
v 92 74
v 93 123
v 94 90
v 95 187
v 96 80
v 97 83
v 98 24
v 99 87
v 100 70
v 101 157
v 102 12
v 103 82
v 104 46
v 105 133
v 106 129
v 107 137
v 108 188
e 0 1 1
e 0 2 1
e 0 3 1
e 0 4 1
e 0 5 1
e 1 5 1
e 2 4 1
e 2 6 1
e 2 7 1
e 3 5 1
e 3 8 1
e 3 9 1
e 3 10 1
e 4 5 1
e 5 11 1
e 6 12 1
e 8 9 1
e 8 10 1
e 8 13 1
e 9 13 1
e 9 14 1
e 9 15 1
e 9 16 1
e 9 17 1
e 10 18 1
e 12 19 1
e 13 14 1
e 13 15 1
e 13 16 1
e 13 17 1
e 13 20 1
e 13 21 1
e 13 22 1
e 13 23 1
e 13 24 1
e 13 25 1
e 13 26 1
e 14 17 1
e 14 23 1
e 14 24 1
e 14 26 1
e 14 27 1
e 14 28 1
e 14 29 1
e 14 30 1
e 14 31 1
e 14 32 1
e 16 17 1
e 16 33 1
e 17 23 1
e 17 24 1
e 17 28 1
e 17 30 1
e 17 31 1
e 17 34 1
e 17 35 1
e 17 36 1
e 17 37 1
e 17 38 1
e 17 39 1
e 17 40 1
e 17 41 1
e 18 42 1
e 19 20 1
e 19 21 1
e 19 37 1
e 19 41 1
e 20 21 1
e 20 22 1
e 20 25 1
e 20 31 1
e 20 37 1
e 20 41 1
e 20 43 1
e 20 44 1
e 20 45 1
e 20 46 1
e 21 22 1
e 21 25 1
e 21 28 1
e 21 31 1
e 21 37 1
e 21 41 1
e 21 43 1
e 21 44 1
e 21 45 1
e 21 46 1
e 22 25 1
e 22 28 1
e 22 47 1
e 22 48 1
e 22 49 1
e 22 50 1
e 22 51 1
e 22 52 1
e 23 24 1
e 23 27 1
e 23 32 1
e 23 53 1
e 23 54 1
e 24 26 1
e 24 27 1
e 24 30 1
e 24 55 1
e 25 28 1
e 25 37 1
e 25 41 1
e 25 44 1
e 25 48 1
e 25 49 1
e 25 51 1
e 26 28 1
e 26 35 1
e 26 38 1
e 27 29 1
e 27 32 1
e 27 36 1
e 27 53 1
e 28 30 1
e 28 31 1
e 28 34 1
e 28 35 1
e 28 36 1
e 28 38 1
e 28 39 1
e 28 40 1
e 28 41 1
e 28 44 1
e 28 51 1
e 28 52 1
e 28 56 1
e 28 57 1
e 28 58 1
e 29 32 1
e 30 34 1
e 30 35 1
e 30 38 1
e 30 58 1
e 30 59 1
e 31 37 1
e 31 41 1
e 32 53 1
e 34 35 1
e 34 38 1
e 34 40 1
e 34 56 1
e 34 58 1
e 34 60 1
e 34 61 1
e 34 62 1
e 34 63 1
e 34 64 1
e 35 36 1
e 35 38 1
e 35 39 1
e 35 40 1
e 35 44 1
e 35 56 1
e 35 57 1
e 35 58 1
e 35 59 1
e 35 61 1
e 35 62 1
e 35 63 1
e 35 65 1
e 36 53 1
e 36 66 1
e 37 39 1
e 37 41 1
e 37 44 1
e 37 46 1
e 37 51 1
e 38 39 1
e 38 40 1
e 38 58 1
e 38 62 1
e 39 40 1
e 39 41 1
e 39 44 1
e 39 45 1
e 39 51 1
e 39 65 1
e 40 44 1
e 40 56 1
e 40 57 1
e 40 58 1
e 40 61 1
e 40 63 1
e 41 43 1
e 41 44 1
e 41 46 1
e 41 51 1
e 41 67 1
e 43 68 1
e 44 51 1
e 45 65 1
e 45 69 1
e 45 70 1
e 45 71 1
e 47 72 1
e 48 49 1
e 49 51 1
e 49 73 1
e 50 74 1
e 52 57 1
e 52 58 1
e 53 75 1
e 54 75 1
e 55 71 1
e 55 76 1
e 56 58 1
e 57 58 1
e 57 61 1
e 57 63 1
e 57 77 1
e 57 78 1
e 57 79 1
e 57 80 1
e 57 81 1
e 57 82 1
e 57 83 1
e 57 84 1
e 57 85 1
e 57 86 1
e 58 60 1
e 58 61 1
e 58 63 1
e 58 64 1
e 58 65 1
e 58 85 1
e 58 87 1
e 58 88 1
e 59 61 1
e 60 61 1
e 60 63 1
e 60 64 1
e 60 79 1
e 60 80 1
e 60 82 1
e 60 85 1
e 60 87 1
e 60 88 1
e 61 63 1
e 61 77 1
e 61 79 1
e 61 80 1
e 61 81 1
e 61 82 1
e 61 85 1
e 61 86 1
e 61 87 1
e 61 88 1
e 61 89 1
e 61 90 1
e 63 77 1
e 63 79 1
e 63 80 1
e 63 81 1
e 63 82 1
e 63 85 1
e 63 86 1
e 63 87 1
e 63 88 1
e 63 89 1
e 63 90 1
e 64 88 1
e 64 91 1
e 65 69 1
e 65 70 1
e 65 92 1
e 67 70 1
e 67 93 1
e 69 70 1
e 69 93 1
e 69 94 1
e 69 95 1
e 70 93 1
e 70 94 1
e 71 96 1
e 71 97 1
e 77 78 1
e 77 79 1
e 77 80 1
e 77 81 1
e 77 82 1
e 77 85 1
e 77 86 1
e 78 80 1
e 78 81 1
e 78 82 1
e 78 83 1
e 78 86 1
e 79 80 1
e 79 81 1
e 79 82 1
e 79 85 1
e 79 86 1
e 79 87 1
e 79 88 1
e 79 89 1
e 79 90 1
e 80 81 1
e 80 82 1
e 80 85 1
e 80 86 1
e 80 87 1
e 80 88 1
e 80 90 1
e 81 82 1
e 81 83 1
e 81 85 1
e 81 86 1
e 81 89 1
e 82 85 1
e 82 86 1
e 82 87 1
e 82 88 1
e 82 89 1
e 83 86 1
e 83 89 1
e 85 86 1
e 85 87 1
e 85 88 1
e 85 89 1
e 86 89 1
e 87 88 1
e 87 89 1
e 87 90 1
e 89 98 1
e 89 99 1
e 92 100 1
e 92 101 1
e 93 94 1
e 93 95 1
e 93 102 1
e 93 103 1
e 94 102 1
e 94 104 1
e 95 105 1
e 96 97 1
e 98 99 1
e 102 106 1
e 103 104 1
e 104 107 1
e 104 108 1
e 107 108 1
t # 41
v 0 1
v 1 101
v 2 187
v 3 18
v 4 30
v 5 43
v 6 102
v 7 11
v 8 12
v 9 77
v 10 117
v 11 123
v 12 178
v 13 113
v 14 167
v 15 73
v 16 140
v 17 137
v 18 106
v 19 46
v 20 188
e 0 1 1
e 0 2 1
e 1 3 1
e 1 4 1
e 1 5 1
e 1 6 1
e 2 3 1
e 2 4 1
e 2 7 1
e 2 8 1
e 2 9 1
e 2 10 1
e 2 11 1
e 2 12 1
e 3 12 1
e 4 6 1
e 4 13 1
e 6 7 1
e 8 10 1
e 8 12 1
e 9 14 1
e 10 12 1
e 10 15 1
e 10 16 1
e 14 17 1
e 16 18 1
e 17 19 1
e 19 20 1
t # 42
v 0 4
v 1 27
v 2 39
v 3 60
v 4 108
v 5 126
v 6 145
v 7 147
v 8 166
v 9 175
v 10 134
v 11 5
v 12 105
v 13 114
v 14 144
v 15 57
v 16 73
v 17 160
v 18 119
v 19 37
v 20 8
v 21 178
v 22 19
v 23 121
v 24 182
v 25 183
v 26 100
v 27 117
v 28 161
v 29 130
v 30 68
v 31 17
v 32 155
e 0 1 1
e 0 2 1
e 0 3 1
e 0 4 1
e 0 5 1
e 0 6 1
e 0 7 1
e 0 8 1
e 0 9 1
e 1 3 1
e 1 4 1
e 1 5 1
e 1 6 1
e 1 7 1
e 1 8 1
e 1 9 1
e 1 10 1
e 2 11 1
e 3 4 1
e 3 5 1
e 3 8 1
e 4 5 1
e 4 7 1
e 4 9 1
e 4 12 1
e 4 13 1
e 4 14 1
e 5 8 1
e 5 9 1
e 5 13 1
e 6 7 1
e 6 15 1
e 7 10 1
e 7 16 1
e 8 9 1
e 8 10 1
e 9 17 1
e 12 18 1
e 14 19 1
e 15 16 1
e 15 20 1
e 15 21 1
e 16 20 1
e 16 21 1
e 17 22 1
e 19 23 1
e 19 24 1
e 19 25 1
e 21 26 1
e 21 27 1
e 23 25 1
e 23 28 1
e 25 29 1
e 27 30 1
e 29 31 1
e 31 32 1
t # 43
v 0 4
v 1 39
v 2 60
v 3 108
v 4 147
v 5 166
v 6 175
v 7 5
v 8 126
v 9 134
v 10 27
v 11 128
v 12 145
v 13 158
e 0 1 1
e 0 2 1
e 0 3 1
e 0 4 1
e 0 5 1
e 0 6 1
e 1 2 1
e 1 7 1
e 2 3 1
e 2 4 1
e 2 5 1
e 2 6 1
e 3 4 1
e 3 6 1
e 3 8 1
e 3 9 1
e 4 5 1
e 4 6 1
e 4 8 1
e 4 9 1
e 4 10 1
e 4 11 1
e 4 12 1
e 5 6 1
e 5 8 1
e 5 9 1
e 5 10 1
e 5 12 1
e 6 8 1
e 6 9 1
e 6 10 1
e 6 12 1
e 8 9 1
e 8 10 1
e 8 12 1
e 9 10 1
e 9 11 1
e 9 12 1
e 9 13 1
e 10 12 1
e 11 12 1
t # 44
v 0 16
v 1 38
v 2 41
v 3 127
v 4 155
v 5 176
v 6 92
v 7 28
v 8 61
v 9 94
v 10 130
v 11 116
v 12 85
v 13 162
v 14 142
v 15 24
v 16 69
v 17 76
v 18 87
v 19 132
v 20 161
v 21 170
v 22 180
v 23 75
v 24 110
v 25 136
v 26 121
v 27 124
v 28 177
v 29 131
v 30 23
v 31 49
v 32 153
e 0 1 1
e 0 2 1
e 0 3 1
e 0 4 1
e 0 5 1
e 1 2 1
e 1 3 1
e 1 5 1
e 1 6 1
e 2 3 1
e 2 4 1
e 2 5 1
e 2 6 1
e 2 7 1
e 2 8 1
e 2 9 1
e 3 4 1
e 3 5 1
e 3 6 1
e 3 9 1
e 4 5 1
e 4 9 1
e 4 10 1
e 5 6 1
e 5 9 1
e 7 8 1
e 7 11 1
e 8 9 1
e 8 11 1
e 9 12 1
e 9 13 1
e 11 14 1
e 12 15 1
e 12 16 1
e 12 17 1
e 12 18 1
e 12 19 1
e 12 20 1
e 12 21 1
e 12 22 1
e 13 23 1
e 15 18 1
e 16 17 1
e 16 18 1
e 16 21 1
e 16 24 1
e 16 25 1
e 17 19 1
e 17 20 1
e 17 21 1
e 17 26 1
e 17 27 1
e 17 28 1
e 18 21 1
e 18 24 1
e 19 28 1
e 20 27 1
e 20 28 1
e 20 29 1
e 21 24 1
e 21 25 1
e 21 26 1
e 21 27 1
e 21 30 1
e 22 29 1
e 22 31 1
e 24 31 1
e 25 26 1
e 25 30 1
e 26 27 1
e 27 28 1
e 27 32 1
e 28 29 1
e 28 32 1
t # 45
v 0 2
v 1 45
v 2 106
v 3 139
v 4 114
v 5 126
v 6 162
v 7 36
v 8 27
v 9 54
v 10 86
v 11 108
v 12 133
v 13 145
v 14 147
v 15 166
v 16 38
v 17 4
v 18 119
v 19 175
v 20 12
v 21 71
v 22 82
v 23 90
v 24 123
v 25 187
v 26 53
v 27 60
v 28 134
v 29 92
v 30 105
v 31 115
v 32 158
v 33 20
v 34 50
v 35 150
v 36 176
v 37 64
e 0 1 1
e 0 2 1
e 0 3 1
e 1 3 1
e 1 4 1
e 1 5 1
e 1 6 1
e 3 4 1
e 3 7 1
e 4 5 1
e 4 8 1
e 4 9 1
e 4 10 1
e 4 11 1
e 4 12 1
e 4 13 1
e 5 8 1
e 5 13 1
e 8 11 1
e 8 14 1
e 8 15 1
e 9 10 1
e 9 16 1
e 11 13 1
e 11 14 1
e 11 17 1
e 11 18 1
e 11 19 1
e 12 20 1
e 12 21 1
e 12 22 1
e 12 23 1
e 12 24 1
e 12 25 1
e 13 14 1
e 13 26 1
e 14 18 1
e 14 19 1
e 14 27 1
e 14 28 1
e 16 29 1
e 17 18 1
e 17 19 1
e 17 27 1
e 18 30 1
e 19 27 1
e 20 22 1
e 20 23 1
e 20 24 1
e 21 22 1
e 22 23 1
e 23 24 1
e 24 25 1
e 26 31 1
e 28 32 1
e 29 33 1
e 29 34 1
e 29 35 1
e 29 36 1
e 33 34 1
e 33 35 1
e 33 37 1
e 34 35 1
e 34 36 1
e 36 37 1
t # 46
v 0 4
v 1 60
v 2 147
v 3 108
v 4 128
v 5 27
v 6 54
v 7 63
v 8 105
v 9 119
v 10 166
v 11 95
v 12 134
v 13 97
v 14 175
v 15 38
v 16 75
v 17 162
v 18 7
v 19 144
v 20 44
v 21 51
v 22 185
v 23 126
v 24 127
v 25 114
v 26 37
v 27 25
v 28 93
v 29 96
v 30 72
v 31 148
v 32 92
v 33 176
v 34 45
v 35 17
v 36 183
v 37 15
v 38 181
v 39 141
v 40 55
v 41 50
v 42 130
v 43 99
v 44 143
v 45 94
v 46 154
v 47 16
v 48 41
v 49 155
e 0 1 1
e 0 2 1
e 2 3 1
e 2 4 1
e 3 5 1
e 3 6 1
e 3 7 1
e 3 8 1
e 3 9 1
e 3 10 1
e 4 7 1
e 4 11 1
e 4 12 1
e 5 7 1
e 5 10 1
e 5 13 1
e 5 14 1
e 6 15 1
e 6 16 1
e 6 17 1
e 7 10 1
e 7 12 1
e 7 14 1
e 7 18 1
e 7 19 1
e 8 9 1
e 10 14 1
e 11 20 1
e 11 21 1
e 11 22 1
e 13 18 1
e 14 23 1
e 15 17 1
e 15 24 1
e 16 17 1
e 17 25 1
e 19 26 1
e 20 21 1
e 20 22 1
e 20 27 1
e 20 28 1
e 20 29 1
e 21 22 1
e 21 28 1
e 21 30 1
e 21 31 1
e 22 27 1
e 22 31 1
e 24 32 1
e 24 33 1
e 25 34 1
e 26 35 1
e 26 36 1
e 27 37 1
e 27 38 1
e 28 39 1
e 29 30 1
e 29 40 1
e 30 40 1
e 32 41 1
e 35 36 1
e 35 42 1
e 36 42 1
e 38 39 1
e 39 43 1
e 40 44 1
e 42 45 1
e 44 46 1
e 45 47 1
e 45 48 1
e 45 49 1
e 47 48 1
e 47 49 1
t # 47
v 0 4
v 1 27
v 2 60
v 3 108
v 4 115
v 5 134
v 6 147
v 7 166
v 8 175
v 9 5
v 10 39
v 11 105
v 12 119
v 13 53
v 14 111
v 15 145
v 16 126
v 17 9
v 18 81
v 19 45
v 20 114
v 21 36
v 22 139
e 0 1 1
e 0 2 1
e 0 3 1
e 0 4 1
e 0 5 1
e 0 6 1
e 0 7 1
e 0 8 1
e 1 2 1
e 1 3 1
e 1 5 1
e 1 6 1
e 1 7 1
e 1 8 1
e 2 3 1
e 2 5 1
e 2 6 1
e 2 7 1
e 2 9 1
e 2 10 1
e 3 6 1
e 3 7 1
e 3 8 1
e 3 11 1
e 3 12 1
e 4 13 1
e 4 14 1
e 4 15 1
e 5 6 1
e 5 7 1
e 5 8 1
e 7 8 1
e 8 16 1
e 9 10 1
e 11 12 1
e 13 14 1
e 13 15 1
e 13 17 1
e 13 18 1
e 14 18 1
e 16 19 1
e 16 20 1
e 19 20 1
e 20 21 1
e 21 22 1
t # 48
v 0 3
v 1 84
v 2 31
v 3 23
v 4 49
v 5 69
v 6 76
v 7 85
v 8 110
v 9 136
v 10 170
v 11 180
v 12 17
v 13 130
v 14 132
v 15 24
v 16 87
v 17 148
v 18 155
v 19 183
e 0 1 1
e 1 2 1
e 2 3 1
e 2 4 1
e 2 5 1
e 2 6 1
e 2 7 1
e 2 8 1
e 2 9 1
e 2 10 1
e 2 11 1
e 3 4 1
e 3 5 1
e 3 6 1
e 3 7 1
e 3 8 1
e 3 9 1
e 3 10 1
e 3 11 1
e 3 12 1
e 3 13 1
e 3 14 1
e 4 5 1
e 4 6 1
e 4 7 1
e 4 8 1
e 4 9 1
e 4 10 1
e 4 11 1
e 4 14 1
e 4 15 1
e 4 16 1
e 5 6 1
e 5 7 1
e 5 8 1
e 5 9 1
e 5 10 1
e 5 11 1
e 5 12 1
e 5 14 1
e 5 15 1
e 5 16 1
e 6 7 1
e 6 8 1
e 6 9 1
e 6 10 1
e 6 11 1
e 6 12 1
e 6 13 1
e 6 14 1
e 7 8 1
e 7 9 1
e 7 10 1
e 7 11 1
e 7 14 1
e 7 15 1
e 7 16 1
e 7 17 1
e 8 9 1
e 8 10 1
e 8 11 1
e 8 14 1
e 8 15 1
e 9 10 1
e 9 11 1
e 9 12 1
e 9 13 1
e 9 14 1
e 10 11 1
e 10 14 1
e 10 15 1
e 10 16 1
e 11 14 1
e 11 15 1
e 11 16 1
e 11 17 1
e 12 13 1
e 12 18 1
e 13 19 1
e 14 15 1
e 14 16 1
e 14 17 1
e 15 16 1
e 15 17 1
e 16 17 1
t # 49
v 0 8
v 1 57
v 2 144
v 3 73
v 4 125
v 5 37
v 6 183
v 7 91
v 8 17
v 9 23
v 10 58
v 11 97
v 12 160
v 13 130
v 14 136
v 15 18
v 16 101
v 17 30
v 18 102
v 19 186
v 20 11
v 21 43
v 22 83
v 23 100
v 24 178
v 25 21
v 26 80
e 0 1 1
e 0 2 1
e 1 3 1
e 1 4 1
e 2 5 1
e 2 6 1
e 3 7 1
e 5 6 1
e 5 8 1
e 5 9 1
e 6 8 1
e 6 10 1
e 7 11 1
e 7 12 1
e 8 13 1
e 9 14 1
e 11 15 1
e 15 16 1
e 16 17 1
e 16 18 1
e 17 18 1
e 17 19 1
e 18 20 1
e 18 21 1
e 18 22 1
e 19 23 1
e 19 24 1
e 20 25 1
e 21 22 1
e 21 26 1
e 22 26 1
e 23 24 1
e 25 26 1
t # 50
v 0 1
v 1 187
v 2 123
v 3 18
v 4 46
v 5 73
v 6 90
v 7 133
v 8 30
v 9 101
v 10 113
v 11 186
v 12 188
v 13 98
v 14 12
v 15 82
v 16 137
v 17 120
v 18 177
v 19 25
v 20 69
v 21 76
v 22 86
v 23 110
v 24 121
v 25 124
v 26 132
v 27 153
v 28 161
v 29 180
v 30 170
v 31 85
v 32 130
v 33 136
v 34 49
v 35 62
v 36 23
v 37 58
v 38 183
v 39 24
v 40 87
v 41 17
v 42 47
v 43 61
v 44 37
v 45 31
v 46 173
v 47 148
v 48 151
v 49 168
v 50 84
v 51 19
v 52 3
e 0 1 1
e 1 2 1
e 2 3 1
e 2 4 1
e 2 5 1
e 2 6 1
e 2 7 1
e 3 4 1
e 3 5 1
e 3 8 1
e 3 9 1
e 3 10 1
e 3 11 1
e 4 9 1
e 4 12 1
e 5 13 1
e 6 14 1
e 7 15 1
e 7 16 1
e 8 9 1
e 8 10 1
e 9 10 1
e 12 17 1
e 13 18 1
e 18 19 1
e 18 20 1
e 18 21 1
e 18 22 1
e 18 23 1
e 18 24 1
e 18 25 1
e 18 26 1
e 18 27 1
e 18 28 1
e 18 29 1
e 19 20 1
e 19 21 1
e 19 23 1
e 19 24 1
e 19 26 1
e 20 21 1
e 20 23 1
e 20 24 1
e 20 26 1
e 20 29 1
e 20 30 1
e 21 23 1
e 21 24 1
e 21 26 1
e 21 28 1
e 21 29 1
e 21 30 1
e 21 31 1
e 21 32 1
e 22 24 1
e 22 25 1
e 22 28 1
e 22 33 1
e 23 26 1
e 23 29 1
e 23 30 1
e 23 34 1
e 23 35 1
e 24 25 1
e 24 28 1
e 24 30 1
e 24 32 1
e 24 33 1
e 24 36 1
e 24 37 1
e 24 38 1
e 25 27 1
e 25 28 1
e 25 32 1
e 25 33 1
e 26 28 1
e 26 29 1
e 26 30 1
e 27 28 1
e 28 33 1
e 31 39 1
e 31 40 1
e 32 33 1
e 32 38 1
e 32 41 1
e 32 42 1
e 32 43 1
e 33 36 1
e 33 38 1
e 33 44 1
e 34 45 1
e 35 46 1
e 36 38 1
e 36 44 1
e 37 38 1
e 37 44 1
e 38 44 1
e 39 40 1
e 40 47 1
e 41 44 1
e 42 48 1
e 42 49 1
e 45 50 1
e 48 51 1
e 50 52 1
t # 51
v 0 17
v 1 37
v 2 121
v 3 183
v 4 23
v 5 136
v 6 58
v 7 85
v 8 161
v 9 170
v 10 130
v 11 31
v 12 76
v 13 69
v 14 49
v 15 110
v 16 180
e 0 1 1
e 0 2 1
e 0 3 1
e 1 2 1
e 1 3 1
e 1 4 1
e 1 5 1
e 2 3 1
e 2 4 1
e 2 5 1
e 2 6 1
e 2 7 1
e 2 8 1
e 2 9 1
e 3 5 1
e 3 10 1
e 4 5 1
e 4 9 1
e 5 7 1
e 5 8 1
e 5 9 1
e 5 11 1
e 5 12 1
e 7 8 1
e 7 9 1
e 7 12 1
e 7 13 1
e 8 12 1
e 8 13 1
e 9 11 1
e 9 12 1
e 11 14 1
e 11 15 1
e 12 13 1
e 12 16 1
e 14 15 1
t # 52
v 0 11
v 1 21
v 2 43
v 3 77
v 4 167
v 5 80
v 6 35
v 7 187
v 8 137
v 9 74
v 10 123
v 11 133
v 12 46
v 13 188
e 0 1 1
e 0 2 1
e 0 3 1
e 0 4 1
e 1 5 1
e 2 4 1
e 3 4 1
e 3 6 1
e 3 7 1
e 4 6 1
e 4 8 1
e 5 9 1
e 7 8 1
e 7 10 1
e 7 11 1
e 8 10 1
e 8 11 1
e 8 12 1
e 8 13 1
e 10 11 1
e 10 12 1
e 10 13 1
e 12 13 1
t # 53
v 0 4
v 1 5
v 2 39
v 3 60
v 4 108
v 5 147
v 6 105
v 7 119
v 8 8
v 9 27
v 10 128
v 11 134
v 12 145
v 13 57
v 14 125
v 15 144
v 16 126
v 17 166
v 18 53
v 19 189
v 20 73
v 21 37
v 22 183
v 23 115
v 24 34
v 25 17
v 26 130
v 27 182
v 28 16
v 29 58
v 30 121
v 31 124
e 0 1 1
e 0 2 1
e 0 3 1
e 0 4 1
e 0 5 1
e 1 2 1
e 1 3 1
e 2 3 1
e 3 4 1
e 4 5 1
e 4 6 1
e 4 7 1
e 5 8 1
e 5 9 1
e 5 10 1
e 5 11 1
e 5 12 1
e 6 7 1
e 8 12 1
e 8 13 1
e 8 14 1
e 8 15 1
e 9 11 1
e 9 15 1
e 9 16 1
e 9 17 1
e 10 11 1
e 10 12 1
e 11 12 1
e 12 18 1
e 12 19 1
e 13 14 1
e 13 15 1
e 14 20 1
e 15 21 1
e 15 22 1
e 18 23 1
e 19 24 1
e 21 22 1
e 21 25 1
e 21 26 1
e 21 27 1
e 22 26 1
e 22 28 1
e 22 29 1
e 25 26 1
e 26 28 1
e 26 29 1
e 29 30 1
e 29 31 1
t # 54
v 0 1
v 1 30
v 2 133
v 3 187
v 4 18
v 5 101
v 6 102
v 7 117
v 8 178
v 9 137
v 10 188
v 11 123
v 12 167
v 13 7
v 14 43
v 15 63
v 16 186
v 17 68
v 18 46
v 19 12
v 20 90
v 21 91
v 22 113
v 23 146
v 24 182
v 25 47
v 26 82
v 27 152
v 28 100
v 29 139
v 30 36
v 31 67
v 32 106
v 33 89
v 34 172
v 35 140
e 0 1 1
e 0 2 1
e 0 3 1
e 1 3 1
e 1 4 1
e 1 5 1
e 1 6 1
e 1 7 1
e 1 8 1
e 2 3 1
e 2 9 1
e 2 10 1
e 3 9 1
e 3 11 1
e 3 12 1
e 4 5 1
e 4 13 1
e 5 6 1
e 5 14 1
e 5 15 1
e 6 16 1
e 7 8 1
e 7 17 1
e 9 10 1
e 9 12 1
e 9 18 1
e 10 18 1
e 11 18 1
e 11 19 1
e 11 20 1
e 13 21 1
e 13 22 1
e 15 16 1
e 15 22 1
e 16 22 1
e 16 23 1
e 17 19 1
e 17 24 1
e 18 20 1
e 19 20 1
e 19 25 1
e 20 26 1
e 21 27 1
e 22 23 1
e 23 28 1
e 25 29 1
e 29 30 1
e 29 31 1
e 29 32 1
e 31 32 1
e 31 33 1
e 31 34 1
e 32 34 1
e 34 35 1
t # 55
v 0 1
v 1 71
v 2 82
v 3 103
v 4 133
v 5 187
v 6 12
v 7 68
v 8 90
v 9 123
v 10 73
v 11 137
v 12 129
v 13 125
v 14 8
v 15 57
v 16 91
v 17 117
v 18 160
v 19 46
v 20 188
v 21 19
v 22 51
v 23 65
v 24 152
v 25 113
v 26 182
v 27 14
v 28 56
v 29 151
v 30 148
e 0 1 1
e 0 2 1
e 0 3 1
e 0 4 1
e 0 5 1
e 1 2 1
e 1 3 1
e 1 4 1
e 1 5 1
e 1 6 1
e 1 7 1
e 1 8 1
e 1 9 1
e 2 3 1
e 2 5 1
e 2 6 1
e 2 8 1
e 3 4 1
e 4 5 1
e 4 9 1
e 4 10 1
e 4 11 1
e 5 6 1
e 5 8 1
e 5 9 1
e 5 12 1
e 6 8 1
e 6 9 1
e 6 12 1
e 7 9 1
e 8 9 1
e 8 12 1
e 9 10 1
e 9 11 1
e 9 13 1
e 10 13 1
e 10 14 1
e 10 15 1
e 10 16 1
e 10 17 1
e 10 18 1
e 11 19 1
e 11 20 1
e 13 14 1
e 13 15 1
e 13 16 1
e 13 17 1
e 14 15 1
e 14 16 1
e 15 16 1
e 15 17 1
e 16 17 1
e 16 18 1
e 16 21 1
e 16 22 1
e 16 23 1
e 16 24 1
e 17 25 1
e 17 26 1
e 19 20 1
e 21 22 1
e 21 27 1
e 21 28 1
e 21 29 1
e 22 30 1
e 26 29 1
e 28 29 1
t # 56
v 0 2
v 1 56
v 2 163
v 3 189
v 4 165
v 5 169
v 6 22
v 7 107
v 8 53
v 9 115
v 10 172
v 11 81
v 12 91
v 13 145
v 14 106
v 15 171
v 16 68
v 17 73
v 18 117
v 19 147
v 20 89
v 21 118
v 22 125
v 23 182
v 24 4
v 25 27
v 26 60
v 27 108
v 28 126
v 29 32
v 30 57
v 31 151
v 32 175
v 33 105
v 34 119
v 35 8
v 36 19
v 37 47
v 38 103
e 0 1 1
e 0 2 1
e 0 3 1
e 1 4 1
e 2 4 1
e 3 5 1
e 4 5 1
e 5 6 1
e 6 7 1
e 7 8 1
e 7 9 1
e 7 10 1
e 8 9 1
e 8 10 1
e 8 11 1
e 8 12 1
e 8 13 1
e 10 14 1
e 10 15 1
e 12 16 1
e 12 17 1
e 12 18 1
e 13 19 1
e 15 20 1
e 15 21 1
e 16 18 1
e 17 22 1
e 17 23 1
e 19 24 1
e 19 25 1
e 19 26 1
e 19 27 1
e 19 28 1
e 20 21 1
e 20 29 1
e 21 29 1
e 22 30 1
e 23 31 1
e 24 26 1
e 24 27 1
e 25 28 1
e 25 32 1
e 26 27 1
e 27 28 1
e 27 33 1
e 27 34 1
e 30 35 1
e 31 36 1
e 31 37 1
e 33 34 1
e 36 38 1
t # 57
v 0 4
v 1 60
v 2 128
v 3 147
v 4 175
v 5 27
v 6 108
v 7 145
v 8 126
v 9 134
v 10 166
v 11 53
v 12 114
v 13 115
v 14 54
e 0 1 1
e 0 2 1
e 0 3 1
e 0 4 1
e 1 3 1
e 2 3 1
e 3 5 1
e 3 6 1
e 3 7 1
e 4 8 1
e 4 9 1
e 4 10 1
e 5 8 1
e 7 8 1
e 7 11 1
e 8 12 1
e 9 10 1
e 11 13 1
e 12 14 1
t # 58
v 0 1
v 1 133
v 2 187
v 3 14
v 4 29
v 5 43
v 6 53
v 7 57
v 8 73
v 9 123
v 10 125
v 11 137
v 12 145
v 13 151
v 14 189
v 15 30
v 16 77
v 17 117
v 18 8
v 19 65
v 20 91
v 21 106
v 22 107
v 23 115
v 24 158
v 25 84
v 26 144
v 27 98
v 28 82
v 29 19
v 30 68
v 31 126
v 32 128
v 33 146
v 34 160
v 35 33
v 36 36
v 37 18
v 38 178
v 39 2
v 40 9
v 41 37
v 42 12
v 43 71
v 44 90
v 45 113
v 46 27
v 47 45
v 48 175
v 49 4
v 50 39
v 51 147
v 52 22
v 53 183
v 54 129
v 55 108
v 56 5
v 57 156
v 58 105
v 59 119
v 60 134
e 0 1 1
e 0 2 1
e 1 2 1
e 1 3 1
e 1 4 1
e 1 5 1
e 1 6 1
e 1 7 1
e 1 8 1
e 1 9 1
e 1 10 1
e 1 11 1
e 1 12 1
e 1 13 1
e 1 14 1
e 2 9 1
e 2 11 1
e 2 15 1
e 2 16 1
e 2 17 1
e 3 7 1
e 3 8 1
e 3 13 1
e 3 18 1
e 3 19 1
e 3 20 1
e 4 12 1
e 6 12 1
e 6 14 1
e 6 21 1
e 6 22 1
e 6 23 1
e 6 24 1
e 7 8 1
e 7 10 1
e 7 13 1
e 7 18 1
e 7 25 1
e 7 26 1
e 8 10 1
e 8 13 1
e 8 17 1
e 8 18 1
e 8 26 1
e 8 27 1
e 9 11 1
e 9 28 1
e 10 13 1
e 10 21 1
e 10 22 1
e 10 25 1
e 11 16 1
e 12 13 1
e 12 14 1
e 12 23 1
e 12 24 1
e 12 29 1
e 12 30 1
e 12 31 1
e 12 32 1
e 12 33 1
e 13 17 1
e 13 18 1
e 13 20 1
e 13 26 1
e 13 29 1
e 13 34 1
e 14 33 1
e 14 35 1
e 14 36 1
e 15 37 1
e 17 20 1
e 17 30 1
e 17 38 1
e 18 26 1
e 20 37 1
e 21 22 1
e 21 39 1
e 22 23 1
e 22 40 1
e 23 24 1
e 23 40 1
e 26 41 1
e 28 42 1
e 28 43 1
e 28 44 1
e 28 45 1
e 29 34 1
e 31 46 1
e 31 47 1
e 31 48 1
e 32 49 1
e 32 50 1
e 32 51 1
e 33 36 1
e 33 47 1
e 39 52 1
e 41 53 1
e 42 44 1
e 42 54 1
e 44 45 1
e 46 51 1
e 46 55 1
e 48 49 1
e 48 51 1
e 49 51 1
e 49 55 1
e 50 56 1
e 51 55 1
e 52 57 1
e 55 58 1
e 55 59 1
e 56 60 1
e 58 59 1
t # 59
v 0 4
v 1 60
v 2 105
v 3 145
v 4 147
v 5 175
v 6 108
v 7 119
v 8 27
v 9 53
v 10 126
v 11 128
v 12 134
v 13 166
v 14 115
v 15 45
e 0 1 1
e 0 2 1
e 0 3 1
e 0 4 1
e 0 5 1
e 1 2 1
e 1 3 1
e 1 4 1
e 2 4 1
e 2 6 1
e 2 7 1
e 3 4 1
e 3 5 1
e 3 8 1
e 3 9 1
e 3 10 1
e 3 11 1
e 3 12 1
e 4 5 1
e 4 6 1
e 4 8 1
e 4 12 1
e 5 8 1
e 5 12 1
e 5 13 1
e 6 8 1
e 6 12 1
e 8 10 1
e 8 12 1
e 8 13 1
e 9 14 1
e 10 15 1
t # 60
v 0 1
v 1 32
v 2 89
v 3 133
v 4 107
v 5 172
v 6 106
v 7 123
v 8 46
v 9 111
v 10 137
v 11 47
v 12 188
v 13 41
v 14 52
v 15 94
v 16 138
v 17 168
v 18 183
v 19 130
v 20 17
v 21 88
v 22 90
v 23 129
v 24 155
v 25 37
v 26 58
v 27 121
v 28 12
v 29 117
v 30 16
v 31 144
v 32 182
v 33 124
v 34 71
v 35 187
v 36 66
v 37 113
v 38 178
v 39 77
e 0 1 1
e 0 2 1
e 0 3 1
e 1 2 1
e 1 4 1
e 1 5 1
e 2 5 1
e 2 6 1
e 3 7 1
e 4 5 1
e 4 8 1
e 4 9 1
e 7 8 1
e 7 10 1
e 8 9 1
e 8 10 1
e 8 11 1
e 8 12 1
e 11 13 1
e 11 14 1
e 11 15 1
e 11 16 1
e 11 17 1
e 11 18 1
e 13 15 1
e 13 19 1
e 14 15 1
e 14 16 1
e 14 17 1
e 14 18 1
e 14 19 1
e 14 20 1
e 14 21 1
e 14 22 1
e 15 17 1
e 15 18 1
e 15 19 1
e 15 22 1
e 15 23 1
e 15 24 1
e 16 22 1
e 16 23 1
e 16 24 1
e 17 18 1
e 17 21 1
e 18 19 1
e 18 20 1
e 18 22 1
e 18 24 1
e 18 25 1
e 18 26 1
e 19 20 1
e 19 22 1
e 19 24 1
e 20 24 1
e 20 26 1
e 20 27 1
e 22 23 1
e 22 28 1
e 22 29 1
e 23 28 1
e 23 29 1
e 24 30 1
e 25 27 1
e 25 31 1
e 25 32 1
e 26 27 1
e 26 33 1
e 28 29 1
e 28 34 1
e 28 35 1
e 29 36 1
e 29 37 1
e 29 38 1
e 35 39 1
t # 61
v 0 4
v 1 60
v 2 108
v 3 175
v 4 27
v 5 105
v 6 119
v 7 147
v 8 126
v 9 166
v 10 45
v 11 114
v 12 22
v 13 162
v 14 169
v 15 75
v 16 42
v 17 165
v 18 189
v 19 54
v 20 33
v 21 163
v 22 41
e 0 1 1
e 0 2 1
e 0 3 1
e 2 4 1
e 2 5 1
e 2 6 1
e 2 7 1
e 3 4 1
e 3 8 1
e 3 9 1
e 4 7 1
e 4 8 1
e 5 6 1
e 8 10 1
e 8 11 1
e 10 11 1
e 10 12 1
e 10 13 1
e 11 12 1
e 11 13 1
e 12 14 1
e 13 15 1
e 14 16 1
e 14 17 1
e 14 18 1
e 15 19 1
e 16 17 1
e 16 20 1
e 18 21 1
e 19 22 1
t # 62
v 0 1
v 1 133
v 2 82
v 3 91
v 4 123
v 5 71
v 6 77
v 7 103
v 8 56
v 9 67
v 10 73
v 11 126
v 12 12
v 13 46
v 14 90
v 15 113
v 16 117
v 17 187
v 18 35
v 19 167
v 20 151
v 21 27
v 22 53
v 23 81
v 24 108
v 25 114
v 26 145
v 27 147
v 28 175
v 29 129
v 30 137
v 31 188
v 32 30
v 33 186
v 34 178
v 35 58
v 36 115
v 37 4
v 38 41
v 39 45
v 40 128
v 41 166
v 42 102
v 43 60
v 44 16
v 45 94
v 46 127
v 47 162
v 48 134
v 49 11
v 50 101
v 51 5
v 52 20
v 53 64
v 54 155
v 55 38
v 56 50
v 57 37
v 58 43
v 59 63
v 60 39
v 61 92
v 62 150
v 63 183
v 64 7
v 65 130
v 66 17
e 0 1 1
e 1 2 1
e 1 3 1
e 1 4 1
e 2 4 1
e 2 5 1
e 2 6 1
e 2 7 1
e 3 5 1
e 3 8 1
e 3 9 1
e 3 10 1
e 3 11 1
e 4 6 1
e 4 12 1
e 4 13 1
e 4 14 1
e 4 15 1
e 4 16 1
e 4 17 1
e 5 7 1
e 6 18 1
e 6 19 1
e 9 20 1
e 10 20 1
e 11 21 1
e 11 22 1
e 11 23 1
e 11 24 1
e 11 25 1
e 11 26 1
e 11 27 1
e 11 28 1
e 12 14 1
e 12 16 1
e 12 29 1
e 13 15 1
e 13 30 1
e 13 31 1
e 14 29 1
e 15 32 1
e 15 33 1
e 16 34 1
e 20 35 1
e 21 26 1
e 21 27 1
e 22 26 1
e 22 27 1
e 22 36 1
e 24 26 1
e 24 27 1
e 24 37 1
e 25 27 1
e 25 38 1
e 25 39 1
e 26 27 1
e 26 36 1
e 26 40 1
e 27 37 1
e 27 40 1
e 28 41 1
e 30 31 1
e 32 42 1
e 33 42 1
e 37 43 1
e 38 44 1
e 38 45 1
e 38 46 1
e 38 47 1
e 39 47 1
e 40 48 1
e 42 49 1
e 42 50 1
e 43 51 1
e 44 52 1
e 44 53 1
e 44 54 1
e 46 47 1
e 46 55 1
e 46 56 1
e 50 57 1
e 50 58 1
e 50 59 1
e 51 60 1
e 52 53 1
e 53 54 1
e 55 61 1
e 56 61 1
e 56 62 1
e 57 63 1
e 59 64 1
e 63 65 1
e 65 66 1
t # 63
v 0 1
v 1 133
v 2 187
v 3 188
v 4 77
v 5 101
v 6 123
v 7 46
v 8 168
v 9 35
v 10 167
v 11 30
v 12 43
v 13 90
v 14 91
v 15 45
v 16 47
v 17 88
v 18 94
v 19 13
v 20 120
v 21 11
v 22 12
v 23 71
v 24 82
v 25 113
v 26 67
v 27 117
v 28 145
v 29 114
v 30 162
v 31 19
v 32 41
v 33 155
v 34 103
v 35 73
v 36 126
v 37 147
v 38 54
v 39 130
v 40 8
v 41 57
v 42 125
v 43 27
v 44 52
v 45 17
v 46 144
e 0 1 1
e 0 2 1
e 1 3 1
e 2 4 1
e 2 5 1
e 2 6 1
e 3 7 1
e 3 8 1
e 4 9 1
e 4 10 1
e 5 11 1
e 5 12 1
e 6 11 1
e 6 13 1
e 7 14 1
e 8 15 1
e 8 16 1
e 8 17 1
e 8 18 1
e 9 10 1
e 9 19 1
e 10 19 1
e 10 20 1
e 12 21 1
e 13 22 1
e 13 23 1
e 13 24 1
e 13 25 1
e 14 23 1
e 14 26 1
e 14 27 1
e 14 28 1
e 15 17 1
e 15 29 1
e 15 30 1
e 16 29 1
e 16 31 1
e 18 32 1
e 18 33 1
e 22 23 1
e 23 24 1
e 23 26 1
e 24 34 1
e 28 35 1
e 28 36 1
e 28 37 1
e 29 36 1
e 29 38 1
e 33 39 1
e 35 40 1
e 35 41 1
e 35 42 1
e 36 37 1
e 36 43 1
e 38 44 1
e 39 45 1
e 40 41 1
e 41 46 1
t # 64
v 0 3
v 1 31
v 2 84
v 3 110
v 4 49
v 5 69
v 6 85
v 7 170
v 8 180
v 9 76
v 10 132
v 11 23
v 12 161
v 13 136
v 14 37
v 15 17
v 16 144
v 17 183
e 0 1 1
e 0 2 1
e 0 3 1
e 1 2 1
e 1 3 1
e 1 4 1
e 1 5 1
e 1 6 1
e 1 7 1
e 3 4 1
e 4 8 1
e 5 7 1
e 6 7 1
e 6 8 1
e 6 9 1
e 6 10 1
e 7 11 1
e 9 11 1
e 9 12 1
e 11 13 1
e 13 14 1
e 14 15 1
e 14 16 1
e 14 17 1
e 15 17 1
t # 65
v 0 0
v 1 159
v 2 99
v 3 112
v 4 164
v 5 134
v 6 135
v 7 6
v 8 7
v 9 147
v 10 158
v 11 10
v 12 79
v 13 109
v 14 27
v 15 63
v 16 166
v 17 60
v 18 68
v 19 145
v 20 184
v 21 165
v 22 157
v 23 4
v 24 73
v 25 108
v 26 128
v 27 175
v 28 126
v 29 129
v 30 53
v 31 171
v 32 123
v 33 133
v 34 45
v 35 71
v 36 103
v 37 2
v 38 115
v 39 187
v 40 160
v 41 189
v 42 12
v 43 30
v 44 77
v 45 167
v 46 117
v 47 65
v 48 101
v 49 102
v 50 35
v 51 13
v 52 83
v 53 137
v 54 57
v 55 43
e 0 1 1
e 1 2 1
e 1 3 1
e 1 4 1
e 2 3 1
e 3 4 1
e 4 5 1
e 4 6 1
e 5 7 1
e 5 8 1
e 5 9 1
e 5 10 1
e 7 10 1
e 7 11 1
e 7 12 1
e 7 13 1
e 8 9 1
e 8 14 1
e 8 15 1
e 8 16 1
e 9 14 1
e 9 16 1
e 9 17 1
e 9 18 1
e 9 19 1
e 10 13 1
e 10 20 1
e 11 13 1
e 12 13 1
e 12 21 1
e 13 22 1
e 14 16 1
e 14 17 1
e 14 19 1
e 14 23 1
e 14 24 1
e 14 25 1
e 14 26 1
e 14 27 1
e 16 17 1
e 16 23 1
e 16 25 1
e 16 26 1
e 16 27 1
e 16 28 1
e 17 23 1
e 17 25 1
e 18 19 1
e 18 29 1
e 19 24 1
e 19 30 1
e 20 31 1
e 23 25 1
e 23 27 1
e 23 28 1
e 24 32 1
e 24 33 1
e 25 27 1
e 27 28 1
e 28 34 1
e 29 35 1
e 29 36 1
e 30 37 1
e 30 38 1
e 30 39 1
e 32 33 1
e 32 39 1
e 33 40 1
e 37 41 1
e 39 42 1
e 39 43 1
e 39 44 1
e 39 45 1
e 42 46 1
e 43 44 1
e 43 47 1
e 43 48 1
e 43 49 1
e 44 45 1
e 44 48 1
e 44 50 1
e 45 50 1
e 45 51 1
e 45 52 1
e 45 53 1
e 46 54 1
e 47 48 1
e 48 49 1
e 48 55 1
e 49 55 1
t # 66
v 0 2
v 1 22
v 2 67
v 3 106
v 4 189
v 5 77
v 6 163
v 7 43
v 8 101
v 9 30
v 10 102
v 11 186
v 12 7
v 13 100
v 14 113
v 15 63
v 16 97
v 17 178
e 0 1 1
e 0 2 1
e 0 3 1
e 0 4 1
e 3 5 1
e 4 6 1
e 5 7 1
e 7 8 1
e 8 9 1
e 8 10 1
e 8 11 1
e 9 11 1
e 11 12 1
e 11 13 1
e 11 14 1
e 12 14 1
e 12 15 1
e 13 16 1
e 13 17 1
t # 67
v 0 2
v 1 106
v 2 189
v 3 89
v 4 139
v 5 114
v 6 45
v 7 162
v 8 126
v 9 27
v 10 125
v 11 175
v 12 57
v 13 117
v 14 145
v 15 8
v 16 53
v 17 60
v 18 111
v 19 115
v 20 128
v 21 147
v 22 58
v 23 183
v 24 140
v 25 4
v 26 108
v 27 17
v 28 37
v 29 130
v 30 144
v 31 105
v 32 119
v 33 155
v 34 182
v 35 16
v 36 168
v 37 20
v 38 47
v 39 156
v 40 64
v 41 151
e 0 1 1
e 0 2 1
e 1 3 1
e 1 4 1
e 3 4 1
e 4 5 1
e 5 6 1
e 5 7 1
e 6 7 1
e 6 8 1
e 8 9 1
e 8 10 1
e 8 11 1
e 9 12 1
e 9 13 1
e 9 14 1
e 10 12 1
e 12 13 1
e 12 14 1
e 12 15 1
e 13 14 1
e 14 16 1
e 14 17 1
e 14 18 1
e 14 19 1
e 14 20 1
e 14 21 1
e 15 22 1
e 15 23 1
e 16 18 1
e 16 19 1
e 16 21 1
e 16 24 1
e 17 21 1
e 17 25 1
e 17 26 1
e 18 19 1
e 18 24 1
e 19 21 1
e 21 25 1
e 21 26 1
e 22 23 1
e 22 27 1
e 22 28 1
e 22 29 1
e 22 30 1
e 23 27 1
e 23 28 1
e 23 29 1
e 23 30 1
e 26 31 1
e 26 32 1
e 27 29 1
e 27 33 1
e 28 30 1
e 28 34 1
e 29 33 1
e 31 32 1
e 33 35 1
e 34 36 1
e 35 37 1
e 36 38 1
e 36 39 1
e 37 40 1
e 38 41 1
t # 68
v 0 1
v 1 77
v 2 133
v 3 73
v 4 123
v 5 145
v 6 160
v 7 90
v 8 128
v 9 166
v 10 67
v 11 46
v 12 134
v 13 147
v 14 158
v 15 175
v 16 163
v 17 137
v 18 187
v 19 188
v 20 27
v 21 105
v 22 108
v 23 126
v 24 151
v 25 4
v 26 51
v 27 114
v 28 54
v 29 92
v 30 119
v 31 162
v 32 47
v 33 60
v 34 44
v 35 72
v 36 93
v 37 95
v 38 148
v 39 41
v 40 45
v 41 20
v 42 38
v 43 75
v 44 50
v 45 127
v 46 176
v 47 168
v 48 96
v 49 185
v 50 55
v 51 99
v 52 141
v 53 143
v 54 62
v 55 104
v 56 15
v 57 94
v 58 64
v 59 88
v 60 154
v 61 149
v 62 173
v 63 28
v 64 61
v 65 116
v 66 135
v 67 26
v 68 48
v 69 110
v 70 111
v 71 5
v 72 39
v 73 40
v 74 120
v 75 49
v 76 136
v 77 170
v 78 9
v 79 25
v 80 84
v 81 23
v 82 58
v 83 76
v 84 121
v 85 24
v 86 69
v 87 85
v 88 87
v 89 138
v 90 3
v 91 31
v 92 124
v 93 132
v 94 161
v 95 180
v 96 177
v 97 178
e 0 1 1
e 0 2 1
e 2 3 1
e 2 4 1
e 2 5 1
e 2 6 1
e 3 5 1
e 4 5 1
e 4 7 1
e 5 8 1
e 5 9 1
e 6 10 1
e 7 11 1
e 8 12 1
e 8 13 1
e 8 14 1
e 9 15 1
e 10 16 1
e 11 17 1
e 11 18 1
e 11 19 1
e 12 13 1
e 12 15 1
e 13 15 1
e 13 20 1
e 13 21 1
e 13 22 1
e 13 23 1
e 14 24 1
e 15 22 1
e 15 23 1
e 15 25 1
e 15 26 1
e 17 19 1
e 20 22 1
e 20 23 1
e 20 27 1
e 21 22 1
e 21 23 1
e 21 27 1
e 21 28 1
e 21 29 1
e 21 30 1
e 21 31 1
e 22 23 1
e 22 30 1
e 23 27 1
e 23 30 1
e 24 32 1
e 25 33 1
e 26 34 1
e 26 35 1
e 26 36 1
e 26 37 1
e 26 38 1
e 27 31 1
e 27 39 1
e 27 40 1
e 28 29 1
e 28 30 1
e 28 41 1
e 28 42 1
e 28 43 1
e 29 41 1
e 29 42 1
e 29 44 1
e 29 45 1
e 29 46 1
e 31 43 1
e 31 45 1
e 32 47 1
e 34 37 1
e 34 48 1
e 34 49 1
e 35 38 1
e 35 48 1
e 35 50 1
e 35 51 1
e 35 52 1
e 35 53 1
e 36 54 1
e 37 38 1
e 37 48 1
e 37 55 1
e 38 53 1
e 38 56 1
e 39 57 1
e 41 46 1
e 41 58 1
e 43 45 1
e 44 45 1
e 44 46 1
e 45 46 1
e 47 59 1
e 48 51 1
e 48 53 1
e 50 51 1
e 50 60 1
e 51 53 1
e 52 53 1
e 54 61 1
e 54 62 1
e 55 63 1
e 55 64 1
e 55 65 1
e 61 66 1
e 62 66 1
e 63 64 1
e 63 65 1
e 63 67 1
e 63 68 1
e 63 69 1
e 63 70 1
e 64 67 1
e 64 68 1
e 64 69 1
e 64 71 1
e 64 72 1
e 64 73 1
e 64 74 1
e 65 67 1
e 67 68 1
e 67 70 1
e 67 74 1
e 68 74 1
e 69 75 1
e 69 76 1
e 69 77 1
e 70 78 1
e 71 72 1
e 73 79 1
e 75 77 1
e 75 80 1
e 76 81 1
e 76 82 1
e 76 83 1
e 76 84 1
e 77 81 1
e 77 83 1
e 77 85 1
e 77 86 1
e 77 87 1
e 77 88 1
e 78 89 1
e 80 90 1
e 80 91 1
e 81 82 1
e 81 83 1
e 81 84 1
e 82 84 1
e 83 84 1
e 83 86 1
e 83 87 1
e 83 92 1
e 83 93 1
e 83 94 1
e 85 86 1
e 85 87 1
e 85 88 1
e 85 95 1
e 86 87 1
e 86 88 1
e 87 88 1
e 87 93 1
e 87 95 1
e 88 95 1
e 92 93 1
e 92 94 1
e 92 96 1
e 92 97 1
e 93 94 1
e 93 97 1
e 94 96 1
t # 69
v 0 4
v 1 53
v 2 60
v 3 108
v 4 147
v 5 9
v 6 115
v 7 27
v 8 145
v 9 111
v 10 126
v 11 166
v 12 175
v 13 188
v 14 45
v 15 46
v 16 114
v 17 123
v 18 54
v 19 139
v 20 133
v 21 187
e 0 1 1
e 0 2 1
e 0 3 1
e 0 4 1
e 1 4 1
e 1 5 1
e 1 6 1
e 2 3 1
e 2 4 1
e 3 4 1
e 3 7 1
e 4 7 1
e 4 8 1
e 5 6 1
e 5 9 1
e 7 10 1
e 7 11 1
e 7 12 1
e 9 13 1
e 10 12 1
e 10 14 1
e 13 15 1
e 14 16 1
e 15 17 1
e 16 18 1
e 16 19 1
e 17 20 1
e 17 21 1
t # 70
v 0 2
v 1 106
v 2 189
v 3 89
v 4 36
v 5 53
v 6 145
v 7 67
v 8 81
v 9 115
v 10 126
v 11 128
v 12 147
v 13 19
v 14 4
v 15 27
v 16 45
v 17 114
v 18 123
v 19 133
v 20 166
v 21 175
v 22 134
v 23 158
v 24 108
v 25 51
v 26 151
v 27 160
v 28 60
v 29 61
v 30 100
v 31 54
v 32 187
v 33 73
v 34 91
v 35 125
v 36 137
v 37 188
v 38 150
v 39 105
v 40 119
v 41 148
v 42 26
v 43 28
v 44 40
v 45 104
v 46 116
v 47 124
v 48 178
v 49 38
v 50 8
v 51 57
v 52 117
v 53 65
v 54 46
v 55 20
v 56 50
v 57 92
v 58 95
v 59 143
v 60 185
v 61 39
v 62 48
v 63 23
v 64 136
v 65 161
v 66 177
v 67 14
v 68 16
v 69 127
v 70 176
v 71 25
v 72 44
v 73 99
v 74 141
v 75 5
v 76 170
v 77 69
v 78 76
v 79 121
v 80 132
v 81 180
v 82 56
v 83 41
v 84 155
v 85 75
v 86 162
v 87 181
v 88 31
v 89 49
v 90 85
v 91 110
v 92 24
v 93 131
v 94 84
v 95 87
v 96 179
v 97 3
v 98 153
e 0 1 1
e 0 2 1
e 1 3 1
e 2 4 1
e 2 5 1
e 2 6 1
e 3 7 1
e 4 6 1
e 5 6 1
e 5 8 1
e 5 9 1
e 6 10 1
e 6 11 1
e 6 12 1
e 7 13 1
e 8 9 1
e 10 12 1
e 10 14 1
e 10 15 1
e 10 16 1
e 10 17 1
e 10 18 1
e 10 19 1
e 10 20 1
e 10 21 1
e 11 12 1
e 11 14 1
e 11 15 1
e 11 21 1
e 11 22 1
e 11 23 1
e 12 14 1
e 12 15 1
e 12 17 1
e 12 21 1
e 12 22 1
e 12 24 1
e 13 25 1
e 13 26 1
e 13 27 1
e 14 15 1
e 14 20 1
e 14 21 1
e 14 22 1
e 14 24 1
e 14 28 1
e 15 17 1
e 15 20 1
e 15 21 1
e 15 22 1
e 15 24 1
e 15 29 1
e 15 30 1
e 16 17 1
e 17 18 1
e 17 19 1
e 17 31 1
e 18 19 1
e 18 32 1
e 19 26 1
e 19 27 1
e 19 33 1
e 19 34 1
e 19 35 1
e 19 36 1
e 19 37 1
e 20 21 1
e 20 22 1
e 20 28 1
e 20 38 1
e 21 22 1
e 21 28 1
e 21 38 1
e 22 28 1
e 24 28 1
e 24 39 1
e 24 40 1
e 25 41 1
e 26 27 1
e 26 34 1
e 27 34 1
e 29 42 1
e 29 43 1
e 29 44 1
e 29 45 1
e 29 46 1
e 29 47 1
e 30 48 1
e 31 49 1
e 32 36 1
e 33 34 1
e 33 35 1
e 33 36 1
e 33 37 1
e 33 50 1
e 33 51 1
e 33 52 1
e 34 37 1
e 34 50 1
e 34 52 1
e 34 53 1
e 35 50 1
e 35 51 1
e 35 52 1
e 36 37 1
e 36 54 1
e 37 54 1
e 38 55 1
e 38 56 1
e 38 57 1
e 39 40 1
e 41 58 1
e 41 59 1
e 41 60 1
e 42 43 1
e 42 46 1
e 42 61 1
e 42 62 1
e 43 45 1
e 43 46 1
e 43 62 1
e 44 45 1
e 47 48 1
e 47 63 1
e 47 64 1
e 47 65 1
e 47 66 1
e 49 57 1
e 50 51 1
e 51 52 1
e 53 67 1
e 56 57 1
e 56 68 1
e 56 69 1
e 56 70 1
e 58 60 1
e 58 71 1
e 58 72 1
e 59 60 1
e 59 72 1
e 59 73 1
e 59 74 1
e 60 72 1
e 61 75 1
e 63 64 1
e 63 65 1
e 63 76 1
e 64 65 1
e 64 76 1
e 64 77 1
e 65 66 1
e 65 76 1
e 65 78 1
e 65 79 1
e 65 80 1
e 65 81 1
e 67 82 1
e 68 70 1
e 68 83 1
e 68 84 1
e 69 85 1
e 69 86 1
e 70 84 1
e 72 74 1
e 72 87 1
e 73 74 1
e 74 87 1
e 76 77 1
e 76 78 1
e 76 81 1
e 76 88 1
e 76 89 1
e 76 90 1
e 76 91 1
e 77 78 1
e 77 81 1
e 77 88 1
e 77 89 1
e 77 90 1
e 77 91 1
e 77 92 1
e 78 79 1
e 78 80 1
e 78 81 1
e 78 89 1
e 78 90 1
e 78 91 1
e 79 89 1
e 79 91 1
e 79 93 1
e 80 81 1
e 80 90 1
e 80 91 1
e 81 89 1
e 81 90 1
e 81 91 1
e 85 86 1
e 88 94 1
e 89 90 1
e 89 91 1
e 90 91 1
e 90 92 1
e 91 92 1
e 92 95 1
e 93 96 1
e 94 97 1
e 96 98 1
t # 71
v 0 23
v 1 136
v 2 170
v 3 69
v 4 110
v 5 31
v 6 49
e 0 1 1
e 0 2 1
e 2 3 1
e 2 4 1
e 4 5 1
e 4 6 1
e 5 6 1
t # 72
v 0 4
v 1 60
v 2 108
v 3 145
v 4 147
v 5 27
v 6 126
v 7 91
v 8 182
v 9 128
v 10 73
v 11 115
v 12 133
v 13 144
v 14 160
v 15 134
v 16 125
v 17 53
v 18 123
v 19 8
v 20 57
v 21 19
v 22 172
v 23 12
v 24 46
v 25 187
v 26 67
v 27 89
v 28 71
v 29 90
v 30 188
v 31 82
v 32 129
e 0 1 1
e 0 2 1
e 0 3 1
e 1 4 1
e 2 5 1
e 2 6 1
e 3 4 1
e 3 5 1
e 3 6 1
e 3 7 1
e 3 8 1
e 4 5 1
e 4 6 1
e 4 9 1
e 5 6 1
e 7 8 1
e 7 10 1
e 7 11 1
e 7 12 1
e 7 13 1
e 7 14 1
e 8 10 1
e 9 15 1
e 10 13 1
e 10 16 1
e 11 17 1
e 12 16 1
e 12 18 1
e 13 19 1
e 13 20 1
e 14 21 1
e 14 22 1
e 16 18 1
e 18 23 1
e 18 24 1
e 18 25 1
e 19 20 1
e 21 26 1
e 22 27 1
e 23 24 1
e 23 28 1
e 23 29 1
e 24 29 1
e 24 30 1
e 25 29 1
e 29 31 1
e 29 32 1
t # 73
v 0 1
v 1 187
v 2 73
v 3 77
v 4 125
v 5 137
v 6 8
v 7 57
v 8 144
v 9 84
v 10 46
v 11 188
v 12 123
v 13 133
v 14 82
v 15 90
v 16 71
v 17 30
v 18 91
v 19 100
v 20 102
v 21 18
v 22 65
v 23 113
v 24 43
v 25 63
v 26 101
v 27 152
v 28 14
v 29 160
v 30 12
v 31 11
v 32 7
v 33 59
v 34 67
v 35 151
v 36 103
v 37 140
v 38 165
v 39 68
v 40 156
v 41 163
v 42 19
v 43 66
v 44 56
e 0 1 1
e 1 2 1
e 1 3 1
e 1 4 1
e 1 5 1
e 2 6 1
e 2 7 1
e 2 8 1
e 4 6 1
e 4 7 1
e 4 9 1
e 5 10 1
e 5 11 1
e 6 7 1
e 10 11 1
e 10 12 1
e 10 13 1
e 11 13 1
e 12 14 1
e 12 15 1
e 14 15 1
e 14 16 1
e 15 17 1
e 17 18 1
e 17 19 1
e 17 20 1
e 18 20 1
e 18 21 1
e 18 22 1
e 19 23 1
e 21 24 1
e 21 25 1
e 21 26 1
e 21 27 1
e 22 28 1
e 22 29 1
e 23 30 1
e 24 26 1
e 24 31 1
e 25 32 1
e 28 29 1
e 28 33 1
e 28 34 1
e 28 35 1
e 29 35 1
e 29 36 1
e 29 37 1
e 30 33 1
e 30 38 1
e 33 39 1
e 33 40 1
e 34 41 1
e 35 42 1
e 38 43 1
e 39 40 1
e 41 44 1
t # 74
v 0 7
v 1 63
v 2 71
v 3 82
v 4 97
v 5 103
v 6 113
v 7 186
v 8 188
v 9 14
v 10 46
v 11 90
v 12 129
v 13 152
v 14 172
v 15 52
v 16 133
v 17 137
v 18 91
v 19 171
v 20 12
v 21 30
v 22 123
v 23 41
v 24 88
v 25 94
v 26 114
v 27 130
v 28 18
v 29 187
v 30 151
v 31 160
v 32 77
v 33 127
v 34 45
v 35 73
v 36 17
v 37 155
v 38 125
v 39 56
v 40 67
v 41 35
v 42 167
v 43 57
v 44 183
v 45 16
v 46 139
v 47 8
v 48 58
v 49 19
v 50 144
v 51 121
v 52 37
e 0 1 1
e 0 2 1
e 0 3 1
e 0 4 1
e 0 5 1
e 0 6 1
e 0 7 1
e 0 8 1
e 1 3 1
e 1 4 1
e 1 5 1
e 2 3 1
e 2 5 1
e 2 9 1
e 3 8 1
e 3 10 1
e 3 11 1
e 3 12 1
e 4 13 1
e 5 12 1
e 5 14 1
e 6 7 1
e 7 15 1
e 8 10 1
e 8 16 1
e 8 17 1
e 9 18 1
e 10 17 1
e 10 19 1
e 11 20 1
e 11 21 1
e 11 22 1
e 15 23 1
e 15 24 1
e 15 25 1
e 15 26 1
e 15 27 1
e 16 17 1
e 16 20 1
e 16 21 1
e 16 26 1
e 16 28 1
e 16 29 1
e 17 29 1
e 18 30 1
e 18 31 1
e 20 21 1
e 20 22 1
e 20 29 1
e 20 32 1
e 21 28 1
e 21 29 1
e 21 32 1
e 22 29 1
e 22 32 1
e 23 25 1
e 23 26 1
e 23 27 1
e 24 25 1
e 24 27 1
e 24 33 1
e 25 27 1
e 25 33 1
e 25 34 1
e 26 34 1
e 26 35 1
e 27 36 1
e 27 37 1
e 29 32 1
e 29 38 1
e 30 31 1
e 30 39 1
e 30 40 1
e 32 41 1
e 32 42 1
e 35 43 1
e 36 44 1
e 37 45 1
e 40 46 1
e 41 42 1
e 43 47 1
e 44 48 1
e 46 49 1
e 47 50 1
e 48 51 1
e 50 52 1
t # 75
v 0 4
v 1 27
v 2 50
v 3 60
v 4 81
v 5 105
v 6 108
v 7 119
v 8 145
v 9 147
v 10 150
v 11 175
v 12 57
v 13 71
v 14 73
v 15 91
v 16 126
v 17 128
v 18 166
v 19 92
v 20 134
v 21 68
v 22 38
v 23 54
v 24 117
v 25 8
v 26 12
v 27 65
v 28 41
v 29 144
v 30 45
v 31 114
v 32 51
v 33 16
v 34 94
v 35 75
v 36 110
v 37 151
v 38 69
v 39 95
v 40 148
v 41 127
v 42 162
v 43 49
v 44 85
v 45 132
v 46 170
v 47 180
v 48 58
v 49 160
v 50 31
v 51 185
v 52 76
v 53 161
v 54 183
v 55 87
v 56 124
v 57 17
v 58 37
v 59 24
v 60 182
v 61 168
e 0 1 1
e 0 2 1
e 0 3 1
e 0 4 1
e 0 5 1
e 0 6 1
e 0 7 1
e 0 8 1
e 0 9 1
e 0 10 1
e 0 11 1
e 1 4 1
e 1 6 1
e 1 8 1
e 1 9 1
e 1 11 1
e 1 12 1
e 1 13 1
e 1 14 1
e 1 15 1
e 1 16 1
e 1 17 1
e 1 18 1
e 2 9 1
e 2 10 1
e 2 19 1
e 3 9 1
e 4 6 1
e 4 8 1
e 4 9 1
e 4 16 1
e 4 17 1
e 5 6 1
e 5 7 1
e 5 9 1
e 5 16 1
e 6 7 1
e 6 8 1
e 6 9 1
e 6 11 1
e 6 16 1
e 6 17 1
e 6 20 1
e 7 16 1
e 8 9 1
e 8 12 1
e 8 13 1
e 8 16 1
e 8 17 1
e 8 21 1
e 9 16 1
e 9 17 1
e 9 22 1
e 9 23 1
e 9 24 1
e 10 19 1
e 10 23 1
e 11 16 1
e 11 18 1
e 12 14 1
e 12 24 1
e 12 25 1
e 13 15 1
e 13 16 1
e 13 26 1
e 13 27 1
e 14 15 1
e 14 21 1
e 14 24 1
e 14 25 1
e 14 28 1
e 14 29 1
e 15 16 1
e 15 24 1
e 15 27 1
e 16 17 1
e 16 30 1
e 16 31 1
e 17 20 1
e 17 32 1
e 19 22 1
e 19 33 1
e 19 34 1
e 22 23 1
e 22 28 1
e 23 35 1
e 23 36 1
e 24 25 1
e 25 37 1
e 28 31 1
e 29 38 1
e 30 31 1
e 32 39 1
e 32 40 1
e 34 41 1
e 35 42 1
e 36 38 1
e 36 43 1
e 36 44 1
e 36 45 1
e 36 46 1
e 36 47 1
e 37 48 1
e 37 49 1
e 38 44 1
e 38 46 1
e 38 50 1
e 39 51 1
e 40 51 1
e 41 42 1
e 43 44 1
e 43 45 1
e 43 46 1
e 43 47 1
e 43 50 1
e 44 45 1
e 44 46 1
e 44 47 1
e 44 52 1
e 44 53 1
e 45 46 1
e 45 47 1
e 45 52 1
e 46 50 1
e 46 52 1
e 47 52 1
e 48 54 1
e 50 55 1
e 52 56 1
e 53 56 1
e 54 57 1
e 54 58 1
e 55 59 1
e 57 58 1
e 58 60 1
e 60 61 1
t # 76
v 0 1
v 1 18
v 2 77
v 3 81
v 4 82
v 5 187
v 6 91
v 7 117
v 8 125
v 9 53
v 10 57
v 11 111
v 12 115
v 13 126
v 14 145
v 15 150
v 16 151
v 17 71
v 18 90
v 19 106
v 20 8
v 21 73
v 22 182
v 23 158
v 24 172
v 25 184
v 26 144
v 27 27
v 28 166
v 29 175
v 30 189
v 31 4
v 32 108
v 33 134
v 34 147
v 35 50
v 36 92
v 37 160
v 38 12
v 39 20
v 40 156
v 41 168
v 42 17
v 43 37
v 44 128
v 45 19
v 46 66
v 47 68
v 48 94
v 49 58
v 50 130
v 51 183
v 52 32
v 53 146
v 54 121
v 55 16
v 56 155
v 57 113
v 58 176
e 0 1 1
e 0 2 1
e 0 3 1
e 0 4 1
e 0 5 1
e 1 2 1
e 1 4 1
e 1 6 1
e 2 4 1
e 2 5 1
e 2 6 1
e 2 7 1
e 2 8 1
e 3 6 1
e 3 9 1
e 3 10 1
e 3 11 1
e 3 12 1
e 3 13 1
e 3 14 1
e 3 15 1
e 3 16 1
e 4 5 1
e 4 6 1
e 4 17 1
e 4 18 1
e 5 8 1
e 5 13 1
e 5 17 1
e 5 18 1
e 5 19 1
e 6 7 1
e 6 8 1
e 6 9 1
e 6 10 1
e 6 11 1
e 6 12 1
e 6 16 1
e 6 20 1
e 6 21 1
e 6 22 1
e 7 11 1
e 7 22 1
e 8 9 1
e 8 10 1
e 8 13 1
e 8 20 1
e 8 21 1
e 9 10 1
e 9 11 1
e 9 12 1
e 9 14 1
e 9 16 1
e 9 19 1
e 9 22 1
e 9 23 1
e 9 24 1
e 9 25 1
e 10 12 1
e 10 13 1
e 10 14 1
e 10 16 1
e 10 19 1
e 10 20 1
e 10 21 1
e 10 26 1
e 11 12 1
e 11 16 1
e 11 22 1
e 12 14 1
e 12 16 1
e 12 20 1
e 12 21 1
e 13 14 1
e 13 19 1
e 13 27 1
e 13 28 1
e 13 29 1
e 13 30 1
e 14 16 1
e 14 19 1
e 14 22 1
e 14 26 1
e 14 29 1
e 14 31 1
e 14 32 1
e 14 33 1
e 14 34 1
e 15 35 1
e 15 36 1
e 16 20 1
e 16 21 1
e 16 22 1
e 16 26 1
e 16 37 1
e 18 38 1
e 18 39 1
e 18 40 1
e 19 30 1
e 20 21 1
e 20 26 1
e 22 24 1
e 22 41 1
e 23 25 1
e 26 42 1
e 26 43 1
e 27 28 1
e 27 29 1
e 27 34 1
e 28 29 1
e 28 32 1
e 29 31 1
e 29 32 1
e 29 33 1
e 29 34 1
e 31 32 1
e 31 33 1
e 31 34 1
e 32 33 1
e 32 34 1
e 33 34 1
e 33 44 1
e 37 45 1
e 40 46 1
e 40 47 1
e 41 48 1
e 42 43 1
e 42 49 1
e 42 50 1
e 42 51 1
e 43 51 1
e 46 52 1
e 46 53 1
e 49 51 1
e 49 54 1
e 50 51 1
e 50 55 1
e 50 56 1
e 53 57 1
e 55 56 1
e 55 58 1
e 56 58 1
t # 77
v 0 8
v 1 37
v 2 57
v 3 58
v 4 144
v 5 17
v 6 183
v 7 125
v 8 121
v 9 88
v 10 130
v 11 141
v 12 155
v 13 52
v 14 19
v 15 94
v 16 16
v 17 20
v 18 41
v 19 64
e 0 1 1
e 0 2 1
e 0 3 1
e 0 4 1
e 1 3 1
e 1 4 1
e 1 5 1
e 1 6 1
e 2 4 1
e 2 7 1
e 3 5 1
e 3 8 1
e 5 6 1
e 5 9 1
e 5 10 1
e 5 11 1
e 5 12 1
e 6 9 1
e 6 10 1
e 6 13 1
e 9 10 1
e 9 13 1
e 9 14 1
e 10 12 1
e 10 13 1
e 10 15 1
e 12 16 1
e 12 17 1
e 13 15 1
e 15 18 1
e 17 19 1
t # 78
v 0 1
v 1 73
v 2 91
v 3 187
v 4 8
v 5 27
v 6 38
v 7 57
v 8 71
v 9 98
v 10 108
v 11 144
v 12 14
v 13 46
v 14 77
v 15 137
v 16 167
v 17 40
v 18 100
v 19 104
v 20 105
v 21 119
v 22 126
v 23 147
v 24 166
v 25 175
v 26 3
v 27 23
v 28 54
v 29 61
v 30 69
v 31 75
v 32 76
v 33 85
v 34 92
v 35 121
v 36 133
v 37 162
v 38 160
v 39 188
v 40 4
v 41 37
v 42 151
v 43 177
v 44 111
v 45 169
v 46 86
v 47 145
v 48 128
v 49 134
v 50 7
v 51 31
v 52 49
v 53 84
v 54 136
v 55 132
v 56 170
v 57 180
v 58 28
v 59 87
v 60 110
v 61 124
v 62 161
v 63 24
v 64 127
v 65 41
v 66 82
v 67 114
v 68 19
v 69 67
v 70 140
v 71 60
v 72 17
v 73 153
v 74 53
v 75 22
v 76 42
v 77 186
v 78 158
v 79 63
v 80 116
v 81 62
v 82 150
v 83 94
v 84 90
v 85 123
v 86 139
v 87 36
v 88 89
v 89 115
v 90 184
v 91 25
v 92 50
v 93 12
v 94 106
v 95 156
v 96 95
v 97 189
v 98 185
v 99 148
e 0 1 1
e 0 2 1
e 0 3 1
e 1 2 1
e 1 4 1
e 1 5 1
e 1 6 1
e 1 7 1
e 1 8 1
e 1 9 1
e 1 10 1
e 1 11 1
e 2 8 1
e 2 11 1
e 2 12 1
e 3 13 1
e 3 14 1
e 3 15 1
e 3 16 1
e 4 7 1
e 4 11 1
e 5 10 1
e 5 17 1
e 5 18 1
e 5 19 1
e 5 20 1
e 5 21 1
e 5 22 1
e 5 23 1
e 5 24 1
e 5 25 1
e 6 26 1
e 6 27 1
e 6 28 1
e 6 29 1
e 6 30 1
e 6 31 1
e 6 32 1
e 6 33 1
e 6 34 1
e 6 35 1
e 6 36 1
e 6 37 1
e 7 9 1
e 7 11 1
e 8 36 1
e 8 38 1
e 8 39 1
e 10 20 1
e 10 21 1
e 10 24 1
e 10 40 1
e 11 41 1
e 11 42 1
e 11 43 1
e 13 15 1
e 13 39 1
e 13 44 1
e 14 16 1
e 15 16 1
e 15 39 1
e 17 19 1
e 18 45 1
e 20 21 1
e 20 40 1
e 21 40 1
e 21 46 1
e 22 23 1
e 22 47 1
e 23 47 1
e 23 48 1
e 23 49 1
e 24 25 1
e 24 50 1
e 26 27 1
e 26 28 1
e 26 29 1
e 26 30 1
e 26 32 1
e 26 35 1
e 26 51 1
e 26 52 1
e 26 53 1
e 26 54 1
e 27 30 1
e 27 32 1
e 27 33 1
e 27 35 1
e 27 51 1
e 27 52 1
e 27 54 1
e 27 55 1
e 27 56 1
e 27 57 1
e 28 29 1
e 28 31 1
e 28 34 1
e 28 37 1
e 28 46 1
e 29 30 1
e 29 32 1
e 29 35 1
e 29 51 1
e 29 54 1
e 29 58 1
e 30 32 1
e 30 33 1
e 30 35 1
e 30 38 1
e 30 43 1
e 30 51 1
e 30 52 1
e 30 54 1
e 30 55 1
e 30 56 1
e 30 57 1
e 30 59 1
e 30 60 1
e 30 61 1
e 30 62 1
e 31 37 1
e 32 33 1
e 32 35 1
e 32 38 1
e 32 43 1
e 32 51 1
e 32 52 1
e 32 54 1
e 32 55 1
e 32 56 1
e 32 57 1
e 32 60 1
e 32 61 1
e 32 62 1
e 33 35 1
e 33 43 1
e 33 51 1
e 33 52 1
e 33 55 1
e 33 56 1
e 33 57 1
e 33 59 1
e 33 60 1
e 33 61 1
e 33 62 1
e 33 63 1
e 34 64 1
e 35 39 1
e 35 51 1
e 35 52 1
e 35 54 1
e 35 56 1
e 35 57 1
e 35 60 1
e 35 62 1
e 36 39 1
e 36 65 1
e 36 66 1
e 37 67 1
e 38 42 1
e 38 51 1
e 38 56 1
e 38 61 1
e 38 68 1
e 38 69 1
e 38 70 1
e 39 44 1
e 40 47 1
e 40 48 1
e 40 71 1
e 41 72 1
e 43 52 1
e 43 55 1
e 43 57 1
e 43 60 1
e 43 61 1
e 43 62 1
e 43 73 1
e 44 74 1
e 45 75 1
e 45 76 1
e 45 77 1
e 47 48 1
e 47 49 1
e 47 71 1
e 48 49 1
e 48 78 1
e 49 78 1
e 50 79 1
e 51 52 1
e 51 53 1
e 51 54 1
e 51 56 1
e 51 61 1
e 51 62 1
e 52 54 1
e 52 55 1
e 52 56 1
e 52 57 1
e 52 60 1
e 52 61 1
e 52 62 1
e 54 60 1
e 55 56 1
e 55 57 1
e 55 59 1
e 55 60 1
e 55 61 1
e 55 62 1
e 56 57 1
e 56 59 1
e 56 62 1
e 56 63 1
e 57 59 1
e 57 60 1
e 57 62 1
e 58 80 1
e 59 63 1
e 60 61 1
e 60 62 1
e 60 81 1
e 61 62 1
e 64 82 1
e 65 83 1
e 66 84 1
e 66 85 1
e 68 70 1
e 69 70 1
e 69 86 1
e 70 86 1
e 70 87 1
e 70 88 1
e 74 89 1
e 78 90 1
e 81 91 1
e 82 92 1
e 84 85 1
e 84 93 1
e 86 88 1
e 86 94 1
e 86 95 1
e 87 88 1
e 91 96 1
e 94 97 1
e 96 98 1
e 98 99 1
t # 79
v 0 1
v 1 35
v 2 43
v 3 80
v 4 83
v 5 167
v 6 187
v 7 13
v 8 11
v 9 77
v 10 101
v 11 102
v 12 120
v 13 21
v 14 137
v 15 109
v 16 133
v 17 30
v 18 82
v 19 123
v 20 74
v 21 157
v 22 91
v 23 18
v 24 90
v 25 12
v 26 19
v 27 46
v 28 57
v 29 151
v 30 188
v 31 8
v 32 73
v 33 125
v 34 144
v 35 37
v 36 17
e 0 1 1
e 0 2 1
e 0 3 1
e 0 4 1
e 0 5 1
e 0 6 1
e 1 3 1
e 1 5 1
e 1 7 1
e 2 3 1
e 2 4 1
e 2 5 1
e 2 6 1
e 2 8 1
e 2 9 1
e 2 10 1
e 2 11 1
e 3 4 1
e 3 5 1
e 3 7 1
e 3 8 1
e 3 12 1
e 4 5 1
e 5 6 1
e 5 7 1
e 5 8 1
e 5 9 1
e 5 11 1
e 5 12 1
e 5 13 1
e 5 14 1
e 6 9 1
e 6 11 1
e 6 14 1
e 6 15 1
e 6 16 1
e 7 12 1
e 8 9 1
e 9 16 1
e 10 11 1
e 10 17 1
e 10 18 1
e 10 19 1
e 13 20 1
e 14 15 1
e 14 16 1
e 15 21 1
e 16 22 1
e 17 18 1
e 17 19 1
e 17 23 1
e 17 24 1
e 18 19 1
e 18 24 1
e 19 24 1
e 19 25 1
e 19 26 1
e 19 27 1
e 22 28 1
e 24 25 1
e 24 26 1
e 24 27 1
e 26 29 1
e 27 30 1
e 28 31 1
e 28 32 1
e 28 33 1
e 31 32 1
e 31 33 1
e 32 34 1
e 34 35 1
e 35 36 1
t # 80
v 0 12
v 1 30
v 2 90
v 3 117
v 4 123
v 5 129
v 6 178
v 7 59
v 8 46
v 9 82
v 10 66
v 11 91
v 12 187
v 13 100
v 14 68
v 15 113
v 16 67
v 17 71
v 18 133
e 0 1 1
e 0 2 1
e 0 3 1
e 0 4 1
e 0 5 1
e 0 6 1
e 1 3 1
e 1 6 1
e 1 7 1
e 2 5 1
e 2 8 1
e 2 9 1
e 3 6 1
e 3 10 1
e 3 11 1
e 4 12 1
e 6 13 1
e 10 14 1
e 10 15 1
e 11 16 1
e 11 17 1
e 11 18 1
t # 81
v 0 16
v 1 41
v 2 130
v 3 47
v 4 52
v 5 94
v 6 114
v 7 17
v 8 183
v 9 139
v 10 151
v 11 162
v 12 37
v 13 88
v 14 144
v 15 58
v 16 182
v 17 117
v 18 56
v 19 121
e 0 1 1
e 0 2 1
e 1 2 1
e 1 3 1
e 1 4 1
e 1 5 1
e 1 6 1
e 2 4 1
e 2 5 1
e 2 7 1
e 2 8 1
e 3 4 1
e 3 9 1
e 3 10 1
e 5 11 1
e 7 8 1
e 7 12 1
e 7 13 1
e 7 14 1
e 8 15 1
e 9 10 1
e 12 14 1
e 12 16 1
e 14 17 1
e 15 18 1
e 17 19 1
t # 82
v 0 1
v 1 123
v 2 133
v 3 187
v 4 73
v 5 117
v 6 82
v 7 8
v 8 41
v 9 57
v 10 125
v 11 144
v 12 71
v 13 188
v 14 37
v 15 84
v 16 16
v 17 94
v 18 114
v 19 155
v 20 12
v 21 103
v 22 46
v 23 137
v 24 17
v 25 45
v 26 67
v 27 75
v 28 90
v 29 98
v 30 146
v 31 130
v 32 168
v 33 54
v 34 79
v 35 105
v 36 119
v 37 162
v 38 186
v 39 47
v 40 38
v 41 61
v 42 92
v 43 108
v 44 127
v 45 150
v 46 86
v 47 113
v 48 50
v 49 176
v 50 4
v 51 147
v 52 175
v 53 27
v 54 145
v 55 134
v 56 166
v 57 128
e 0 1 1
e 0 2 1
e 0 3 1
e 1 2 1
e 1 3 1
e 1 4 1
e 1 5 1
e 2 3 1
e 2 6 1
e 3 4 1
e 4 7 1
e 4 8 1
e 4 9 1
e 4 10 1
e 4 11 1
e 5 7 1
e 5 9 1
e 5 10 1
e 5 11 1
e 6 12 1
e 6 13 1
e 7 9 1
e 7 10 1
e 7 11 1
e 7 14 1
e 7 15 1
e 8 16 1
e 8 17 1
e 8 18 1
e 8 19 1
e 9 10 1
e 9 11 1
e 9 14 1
e 9 15 1
e 10 11 1
e 12 20 1
e 12 21 1
e 13 22 1
e 13 23 1
e 16 19 1
e 17 24 1
e 18 25 1
e 20 26 1
e 22 23 1
e 22 27 1
e 22 28 1
e 22 29 1
e 22 30 1
e 23 29 1
e 24 31 1
e 24 32 1
e 27 33 1
e 27 34 1
e 27 35 1
e 27 36 1
e 27 37 1
e 30 38 1
e 31 39 1
e 32 39 1
e 33 35 1
e 33 36 1
e 33 37 1
e 33 40 1
e 33 41 1
e 33 42 1
e 33 43 1
e 33 44 1
e 33 45 1
e 34 37 1
e 35 36 1
e 35 37 1
e 35 40 1
e 35 41 1
e 35 43 1
e 35 45 1
e 36 37 1
e 36 40 1
e 36 41 1
e 36 43 1
e 36 46 1
e 37 40 1
e 37 41 1
e 37 44 1
e 38 47 1
e 40 41 1
e 40 42 1
e 40 43 1
e 40 44 1
e 40 45 1
e 41 43 1
e 42 44 1
e 42 45 1
e 42 48 1
e 42 49 1
e 43 44 1
e 43 50 1
e 43 51 1
e 43 52 1
e 44 45 1
e 44 48 1
e 45 48 1
e 51 53 1
e 51 54 1
e 53 54 1
e 53 55 1
e 53 56 1
e 54 57 1
e 55 57 1
t # 83
v 0 1
v 1 187
v 2 90
v 3 117
v 4 12
v 5 78
v 6 53
v 7 91
v 8 145
v 9 46
v 10 115
v 11 189
v 12 65
v 13 73
v 14 4
v 15 108
v 16 128
v 17 144
v 18 147
v 19 123
v 20 137
v 21 188
v 22 2
v 23 114
v 24 8
v 25 57
v 26 60
v 27 81
v 28 126
v 29 175
v 30 37
v 31 42
v 32 125
v 33 27
v 34 134
v 35 82
v 36 133
v 37 183
v 38 33
v 39 16
v 40 58
v 41 86
v 42 20
v 43 41
v 44 94
v 45 88
v 46 45
v 47 52
v 48 169
v 49 22
e 0 1 1
e 1 2 1
e 1 3 1
e 2 4 1
e 2 5 1
e 3 5 1
e 3 6 1
e 3 7 1
e 3 8 1
e 4 9 1
e 6 8 1
e 6 10 1
e 6 11 1
e 7 12 1
e 7 13 1
e 8 14 1
e 8 15 1
e 8 16 1
e 8 17 1
e 8 18 1
e 9 19 1
e 9 20 1
e 9 21 1
e 10 18 1
e 11 22 1
e 11 23 1
e 13 17 1
e 13 24 1
e 13 25 1
e 14 15 1
e 14 18 1
e 14 26 1
e 14 27 1
e 15 17 1
e 15 18 1
e 15 28 1
e 15 29 1
e 16 18 1
e 17 18 1
e 17 24 1
e 17 25 1
e 17 30 1
e 17 31 1
e 17 32 1
e 18 24 1
e 18 28 1
e 18 30 1
e 18 33 1
e 18 34 1
e 19 21 1
e 19 35 1
e 21 35 1
e 21 36 1
e 24 25 1
e 24 30 1
e 25 32 1
e 28 29 1
e 28 33 1
e 28 34 1
e 29 33 1
e 29 34 1
e 30 37 1
e 31 38 1
e 33 34 1
e 35 36 1
e 35 39 1
e 37 40 1
e 38 41 1
e 39 42 1
e 39 43 1
e 43 44 1
e 44 45 1
e 45 46 1
e 45 47 1
e 46 48 1
e 48 49 1
t # 84
v 0 2
v 1 189
v 2 106
v 3 126
v 4 53
v 5 139
v 6 140
v 7 27
v 8 115
v 9 108
v 10 147
v 11 166
v 12 175
v 13 4
v 14 60
v 15 105
v 16 119
v 17 127
v 18 73
v 19 162
v 20 8
v 21 57
v 22 91
v 23 117
v 24 133
v 25 137
v 26 54
v 27 75
v 28 94
v 29 123
v 30 125
v 31 19
v 32 56
v 33 151
v 34 12
v 35 68
v 36 113
v 37 18
v 38 38
v 39 114
v 40 187
v 41 90
v 42 59
v 43 178
v 44 30
v 45 42
v 46 102
e 0 1 1
e 1 2 1
e 1 3 1
e 2 4 1
e 2 5 1
e 2 6 1
e 3 7 1
e 4 8 1
e 7 9 1
e 7 10 1
e 7 11 1
e 7 12 1
e 9 10 1
e 9 13 1
e 9 14 1
e 9 15 1
e 9 16 1
e 10 13 1
e 10 14 1
e 10 15 1
e 10 16 1
e 11 12 1
e 11 17 1
e 13 14 1
e 13 15 1
e 13 16 1
e 14 18 1
e 15 16 1
e 17 19 1
e 18 20 1
e 18 21 1
e 18 22 1
e 18 23 1
e 18 24 1
e 18 25 1
e 19 26 1
e 19 27 1
e 19 28 1
e 20 21 1
e 20 24 1
e 21 24 1
e 21 29 1
e 21 30 1
e 22 23 1
e 22 24 1
e 22 31 1
e 22 32 1
e 22 33 1
e 23 29 1
e 23 34 1
e 23 35 1
e 23 36 1
e 24 25 1
e 24 29 1
e 24 30 1
e 24 37 1
e 25 29 1
e 26 27 1
e 26 38 1
e 26 39 1
e 29 34 1
e 29 40 1
e 31 33 1
e 32 33 1
e 34 40 1
e 34 41 1
e 36 42 1
e 36 43 1
e 37 44 1
e 41 45 1
e 41 46 1
